          25

0.600D+02      0.093214     -0.084505      0.000000      0.084505     90.000000      0.084505      0.000000
0.550D+02      0.116479     -0.099045      0.000000      0.099045     90.000000      0.099045      0.000000
0.500D+02      0.142657     -0.110836      0.000000      0.110836     90.000000      0.110836      0.000000
0.450D+02      0.167105     -0.116275      0.000000      0.116275     90.000000      0.116275      0.000000
0.400D+02      0.184970     -0.113316      0.000000      0.113316     90.000000      0.113316      0.000000
0.350D+02      0.192346     -0.102117      0.000000      0.102117     90.000000      0.102117      0.000000
0.300D+02      0.187351     -0.084880      0.000000      0.084880     90.000000      0.084880      0.000000
0.250D+02      0.170699     -0.064979      0.000000      0.064979     90.000000      0.064979      0.000000
0.200D+02      0.145499     -0.045798      0.000000      0.045798     90.000000      0.045798      0.000000
0.150D+02      0.116322     -0.029775      0.000000      0.029775     90.000000      0.029775      0.000000
0.100D+02      0.087881     -0.017980      0.000000      0.017980     90.000000      0.017980      0.000000
0.500D+01      0.063809     -0.010250      0.000000      0.010250     90.000000      0.010250      0.000000
0.000D+00      0.045976     -0.005688      0.000000      0.005688     90.000000      0.005688      0.000000
0.500D+01      0.034484     -0.003205     -0.000000      0.003205     90.000001      0.003205      0.000000
0.100D+02      0.028208     -0.001896     -0.000000      0.001896     90.000001      0.001896      0.000000
0.150D+02      0.025542     -0.001185     -0.000000      0.001185     90.000002      0.001185      0.000000
0.200D+02      0.025014     -0.000788     -0.000000      0.000788     90.000002      0.000788      0.000000
0.250D+02      0.025589     -0.000603     -0.000000      0.000603     90.000003      0.000603      0.000000
0.300D+02      0.026701     -0.000623     -0.000000      0.000623     90.000002      0.000623      0.000000
0.350D+02      0.028125     -0.000880     -0.000000      0.000880     90.000001      0.000880      0.000000
0.400D+02      0.029838     -0.001435     -0.000000      0.001435     90.000001      0.001435      0.000000
0.450D+02      0.031931     -0.002382     -0.000000      0.002382     90.000000      0.002382      0.000000
0.500D+02      0.034584     -0.003859      0.000000      0.003859     90.000000      0.003859      0.000000
0.550D+02      0.038080     -0.006066      0.000000      0.006066     90.000000      0.006066      0.000000
0.600D+02      0.042844     -0.009284      0.000000      0.009284     90.000000      0.009284      0.000000
