          25

0.600D+02      0.288723
0.550D+02      0.274365
0.500D+02      0.266099
0.450D+02      0.262097
0.400D+02      0.260261
0.350D+02      0.258662
0.300D+02      0.255955
0.250D+02      0.251658
0.200D+02      0.246163
0.150D+02      0.240488
0.100D+02      0.235855
0.500D+01      0.233279
0.000D+00      0.233296
0.500D+01      0.235929
0.100D+02      0.240836
0.150D+02      0.247537
0.200D+02      0.255610
0.250D+02      0.264796
0.300D+02      0.275014
0.350D+02      0.286331
0.400D+02      0.298928
0.450D+02      0.313075
0.500D+02      0.329118
0.550D+02      0.347445
0.600D+02      0.368410
