          25

0.600D+02      0.389145      0.062790     -0.254032      0.261677    -38.058129      0.062790      0.254032
0.550D+02      0.352857      0.051686     -0.236029      0.241622    -38.824067      0.051686      0.236029
0.500D+02      0.324013      0.043930     -0.219825      0.224171    -39.349436      0.043930      0.219825
0.450D+02      0.301445      0.038861     -0.205115      0.208764    -39.635963      0.038861      0.205115
0.400D+02      0.284130      0.035961     -0.191602      0.194948    -39.685023      0.035961      0.191602
0.350D+02      0.271223      0.034839     -0.179021      0.182379    -39.493699      0.034839      0.179021
0.300D+02      0.262045      0.035204     -0.167149      0.170816    -39.053203      0.035204      0.167149
0.250D+02      0.256060      0.036837     -0.155800      0.160095    -38.348638      0.036837      0.155800
0.200D+02      0.252843      0.039566     -0.144814      0.150122    -37.359367      0.039566      0.144814
0.150D+02      0.252068      0.043250     -0.134061      0.140865    -36.059701      0.043250      0.134061
0.100D+02      0.253487      0.047775     -0.123427      0.132351    -34.420120      0.047775      0.123427
0.500D+01      0.256918      0.053039     -0.112812      0.124658    -32.409626      0.053039      0.112812
0.000D+00      0.262227      0.058955     -0.102114      0.117911    -29.999999      0.058955      0.102114
0.500D+01      0.269318      0.065444     -0.091227      0.112273    -27.172669      0.065444      0.091227
0.100D+02      0.278134      0.072431     -0.080038      0.107946    -23.928144      0.072431      0.080038
0.150D+02      0.288659      0.079850     -0.068421      0.105154    -20.296226      0.079850      0.068421
0.200D+02      0.300920      0.087641     -0.056233      0.104130    -16.342818      0.087641      0.056233
0.250D+02      0.314999      0.095753     -0.043305      0.105090    -12.167666      0.095753      0.043305
0.300D+02      0.331041      0.104147     -0.029432      0.108226     -7.890209      0.104147      0.029432
0.350D+02      0.349268      0.112804     -0.014362      0.113714     -3.627836      0.112804      0.014362
0.400D+02      0.369998      0.121728      0.002223      0.121749      0.523169      0.121728      0.002223
0.450D+02      0.393667      0.130970      0.020721      0.132599      4.495133      0.130970      0.020721
0.500D+02      0.420839      0.140637      0.041627      0.146668      8.244015      0.140637      0.041627
0.550D+02      0.452199      0.150912      0.065548      0.164533     11.738768      0.150912      0.065548
0.600D+02      0.488498      0.162036      0.093209      0.186932     14.954561      0.162036      0.093209
