          25

0.600D+02      0.282509
0.550D+02      0.264705
0.500D+02      0.251035
0.450D+02      0.241069
0.400D+02      0.234399
0.350D+02      0.230590
0.300D+02      0.229099
0.250D+02      0.229230
0.200D+02      0.230204
0.150D+02      0.231332
0.100D+02      0.232197
0.500D+01      0.232755
0.000D+00      0.233296
0.500D+01      0.234272
0.100D+02      0.236108
0.150D+02      0.239064
0.200D+02      0.243218
0.250D+02      0.248538
0.300D+02      0.254994
0.350D+02      0.262631
0.400D+02      0.271612
0.450D+02      0.282211
0.500D+02      0.294797
0.550D+02      0.309797
0.600D+02      0.327617
