          25

0.600D+02      1.033826     -0.958181      0.000000      0.958181     90.000000      0.958181      0.000000
0.550D+02      0.729095     -0.706296      0.000000      0.706296     90.000000      0.706296      0.000000
0.500D+02      0.488941     -0.485141      0.000000      0.485141     90.000000      0.485141      0.000000
0.450D+02      0.310066     -0.308557      0.000000      0.308557     90.000000      0.308557      0.000000
0.400D+02      0.184993     -0.180609      0.000000      0.180609     90.000000      0.180609      0.000000
0.350D+02      0.103394     -0.096718      0.000000      0.096718     90.000000      0.096718      0.000000
0.300D+02      0.054067     -0.047170      0.000000      0.047170     90.000000      0.047170      0.000000
0.250D+02      0.026669     -0.020977      0.000000      0.020977     90.000000      0.020977      0.000000
0.200D+02      0.012819     -0.008689      0.000000      0.008689     90.000000      0.008689      0.000000
0.150D+02      0.006501     -0.003632      0.000000      0.003632     90.000000      0.003632      0.000000
0.100D+02      0.003909     -0.001845      0.000000      0.001845     90.000000      0.001845      0.000000
0.500D+01      0.002941     -0.001343      0.000000      0.001343     90.000000      0.001343      0.000000
0.000D+00      0.002603     -0.001289      0.000000      0.001289     90.000000      0.001289      0.000000
0.500D+01      0.002502     -0.001393     -0.000000      0.001393     90.000005      0.001393      0.000000
0.100D+02      0.002520     -0.001574     -0.000000      0.001574     90.000004      0.001574      0.000000
0.150D+02      0.002639     -0.001822     -0.000000      0.001822     90.000004      0.001822      0.000000
0.200D+02      0.002875     -0.002155     -0.000000      0.002155     90.000003      0.002155      0.000000
0.250D+02      0.003264     -0.002609     -0.000000      0.002609     90.000003      0.002609      0.000000
0.300D+02      0.003863     -0.003248     -0.000000      0.003248     90.000002      0.003248      0.000000
0.350D+02      0.004767     -0.004168     -0.000000      0.004168     90.000002      0.004168      0.000000
0.400D+02      0.006138     -0.005515     -0.000000      0.005515     90.000001      0.005515      0.000000
0.450D+02      0.008239     -0.007490     -0.000000      0.007490     90.000001      0.007490      0.000000
0.500D+02      0.011484     -0.010339     -0.000000      0.010339     90.000000      0.010339      0.000000
0.550D+02      0.016481     -0.014324      0.000000      0.014324     90.000000      0.014324      0.000000
0.600D+02      0.024052     -0.019649      0.000000      0.019649     89.999999      0.019649      0.000000
