          25

0.600D+02      0.109667
0.550D+02      0.127015
0.500D+02      0.148286
0.450D+02      0.168980
0.400D+02      0.184466
0.350D+02      0.190996
0.300D+02      0.186682
0.250D+02      0.172023
0.200D+02      0.149730
0.150D+02      0.123885
0.100D+02      0.098736
0.500D+01      0.077576
0.000D+00      0.062110
0.500D+01      0.052444
0.100D+02      0.047567
0.150D+02      0.046033
0.200D+02      0.046516
0.250D+02      0.048095
0.300D+02      0.050279
0.350D+02      0.052897
0.400D+02      0.055979
0.450D+02      0.059685
0.500D+02      0.064298
0.550D+02      0.070260
0.600D+02      0.078247
