          25

0.600D+02      0.088558      0.009261     -0.072127      0.072719    -41.341660      0.009261      0.072127
0.550D+02      0.076010      0.007848     -0.064075      0.064554    -41.508388      0.007848      0.064075
0.500D+02      0.067302      0.007306     -0.057888      0.058348    -41.403558      0.007306      0.057888
0.450D+02      0.061236      0.007285     -0.052949      0.053448    -41.083296      0.007285      0.052949
0.400D+02      0.057035      0.007600     -0.048860      0.049447    -40.579454      0.007600      0.048860
0.350D+02      0.054198      0.008155     -0.045363      0.046090    -39.904248      0.008155      0.045363
0.300D+02      0.052383      0.008898     -0.042281      0.043207    -39.058022      0.008898      0.042281
0.250D+02      0.051337      0.009790     -0.039474      0.040670    -38.035201      0.009790      0.039474
0.200D+02      0.050865      0.010802     -0.036836      0.038387    -36.827926      0.010802      0.036836
0.150D+02      0.050838      0.011907     -0.034301      0.036309    -35.428176      0.011907      0.034301
0.100D+02      0.051194      0.013086     -0.031840      0.034424    -33.828555      0.013086      0.031840
0.500D+01      0.051922      0.014330     -0.029438      0.032741    -32.021815      0.014330      0.029438
0.000D+00      0.053023      0.015633     -0.027078      0.031266    -29.999999      0.015633      0.027078
0.500D+01      0.054492      0.016988     -0.024725      0.029998    -27.753958      0.016988      0.024725
0.100D+02      0.056322      0.018385     -0.022340      0.028932    -25.273208      0.018385      0.022340
0.150D+02      0.058513      0.019815     -0.019878      0.028068    -22.545465      0.019815      0.019878
0.200D+02      0.061087      0.021271     -0.017293      0.027414    -19.555574      0.021271      0.017293
0.250D+02      0.064092      0.022747     -0.014530      0.026992    -16.283934      0.022747      0.014530
0.300D+02      0.067609      0.024241     -0.011515      0.026837    -12.704681      0.024241      0.011515
0.350D+02      0.071765      0.025753     -0.008154      0.027013     -8.784023      0.025753      0.008154
0.400D+02      0.076757      0.027289     -0.004303      0.027626     -4.480845      0.027289      0.004303
0.450D+02      0.082889      0.028869      0.000244      0.028870      0.242324      0.028869      0.000244
0.500D+02      0.090634      0.030548      0.005805      0.031094      5.380231      0.030548      0.005805
0.550D+02      0.100725      0.032456      0.012856      0.034910     10.804591      0.032456      0.012856
0.600D+02      0.114290      0.034872      0.022109      0.041290     16.187704      0.034872      0.022109
