          25

0.600D+02      0.011871     -0.009982     -0.002844      0.010380     97.952436      0.009982      0.002844
0.550D+02      0.008711     -0.007343     -0.001683      0.007533     96.455498      0.007343      0.001683
0.500D+02      0.007466     -0.005565     -0.001395      0.005737     97.035331      0.005565      0.001395
0.450D+02      0.008231     -0.004535     -0.001865      0.004903    101.176745      0.004535      0.001865
0.400D+02      0.011126     -0.004037     -0.002945      0.004997    108.053593      0.004037      0.002945
0.350D+02      0.016014     -0.003762     -0.004371      0.005767    114.642963      0.003762      0.004371
0.300D+02      0.022237     -0.003383     -0.005760      0.006680    119.785757      0.003383      0.005760
0.250D+02      0.028569     -0.002684     -0.006694      0.007213    124.074485      0.002684      0.006694
0.200D+02      0.033479     -0.001657     -0.006881      0.007078    128.229030      0.001657      0.006881
0.150D+02      0.035641     -0.000496     -0.006264      0.006283    132.734431      0.000496      0.006264
0.100D+02      0.034434      0.000509     -0.005043      0.005069    -42.116921      0.000509      0.005043
0.500D+01      0.030184      0.001128     -0.003578      0.003752    -36.250267      0.001128      0.003578
0.000D+00      0.024014      0.001287     -0.002230      0.002575    -30.000000      0.001287      0.002230
0.500D+01      0.017381      0.001075     -0.001235      0.001637    -24.477707      0.001075      0.001235
0.100D+02      0.011546      0.000660     -0.000655      0.000930    -22.386846      0.000660      0.000655
0.150D+02      0.007221      0.000193     -0.000414      0.000456    -32.496853      0.000193      0.000414
0.200D+02      0.004517     -0.000252     -0.000377      0.000453    118.113268      0.000252      0.000377
0.250D+02      0.003142     -0.000679     -0.000421      0.000799    105.904165      0.000679      0.000421
0.300D+02      0.002672     -0.001143     -0.000466      0.001234    101.095089      0.001143      0.000466
0.350D+02      0.002770     -0.001718     -0.000463      0.001779     97.548688      0.001718      0.000463
0.400D+02      0.003279     -0.002494     -0.000371      0.002521     94.232465      0.002494      0.000371
0.450D+02      0.004211     -0.003579     -0.000123      0.003581     90.987804      0.003579      0.000123
0.500D+02      0.005716     -0.005113      0.000391      0.005128     87.812016      0.005113      0.000391
0.550D+02      0.008046     -0.007264      0.001347      0.007388     84.748341      0.007264      0.001347
0.600D+02      0.011534     -0.010209      0.002986      0.010637     81.849047      0.010209      0.002986
