          25

0.600D+02      0.027351
0.550D+02      0.024550
0.500D+02      0.023670
0.450D+02      0.024873
0.400D+02      0.028397
0.350D+02      0.034178
0.300D+02      0.041525
0.250D+02      0.049052
0.200D+02      0.054994
0.150D+02      0.057801
0.100D+02      0.056736
0.500D+01      0.052167
0.000D+00      0.045392
0.500D+01      0.038102
0.100D+02      0.031763
0.150D+02      0.027201
0.200D+02      0.024539
0.250D+02      0.023424
0.300D+02      0.023349
0.350D+02      0.023900
0.400D+02      0.024855
0.450D+02      0.026176
0.500D+02      0.027967
0.550D+02      0.030456
0.600D+02      0.034016
