          25

0.600D+02      0.071992
0.550D+02      0.091944
0.500D+02      0.114261
0.450D+02      0.134906
0.400D+02      0.149698
0.350D+02      0.155313
0.300D+02      0.150199
0.250D+02      0.135035
0.200D+02      0.112542
0.150D+02      0.086669
0.100D+02      0.061458
0.500D+01      0.040012
0.000D+00      0.023915
0.500D+01      0.013239
0.100D+02      0.007012
0.150D+02      0.003850
0.200D+02      0.002483
0.250D+02      0.002021
0.300D+02      0.001972
0.350D+02      0.002142
0.400D+02      0.002513
0.450D+02      0.003178
0.500D+02      0.004317
0.550D+02      0.006211
0.600D+02      0.009247
