          25

0.600D+02      0.112166     -0.055016     -0.068019      0.087483    115.516459      0.055016      0.068019
0.550D+02      0.102259     -0.045625     -0.058852      0.074466    116.107765      0.045625      0.058852
0.500D+02      0.096160     -0.037633     -0.051712      0.063956    116.977525      0.037633      0.051712
0.450D+02      0.093361     -0.030840     -0.046168      0.055521    118.128602      0.030840      0.046168
0.400D+02      0.093566     -0.025006     -0.041867      0.048766    119.575613      0.025006      0.041867
0.350D+02      0.096393     -0.019837     -0.038429      0.043247    121.348821      0.019837      0.038429
0.300D+02      0.101121     -0.015036     -0.035417      0.038477    123.498182      0.015036      0.035417
0.250D+02      0.106603     -0.010402     -0.032389      0.034018    126.097623      0.010402      0.032389
0.200D+02      0.111456     -0.005905     -0.029014      0.029609    129.247568      0.005905      0.029014
0.150D+02      0.114468     -0.001695     -0.025167      0.025224    133.073606      0.001695      0.025167
0.100D+02      0.115015      0.001994     -0.020946      0.021040    -42.281376      0.001994      0.020946
0.500D+01      0.113273      0.004961     -0.016590      0.017316    -36.675793      0.004961      0.016590
0.000D+00      0.110099      0.007132     -0.012352      0.014263    -29.999998      0.007132      0.012352
0.500D+01      0.106658      0.008558     -0.008386      0.011982    -22.208930      0.008558      0.008386
0.100D+02      0.103973      0.009357     -0.004702      0.010472    -13.341182      0.009357      0.004702
0.150D+02      0.102635      0.009626     -0.001197      0.009700     -3.543700      0.009626      0.001197
0.200D+02      0.102760      0.009399      0.002288      0.009673      6.841283      0.009399      0.002288
0.250D+02      0.104148      0.008637      0.005909      0.010465     17.188362      0.008637      0.005909
0.300D+02      0.106522      0.007257      0.009799      0.012194     26.738671      0.007257      0.009799
0.350D+02      0.109707      0.005148      0.014083      0.014995     34.960821      0.005148      0.014083
0.400D+02      0.113712      0.002176      0.018906      0.019031     41.717324      0.002176      0.018906
0.450D+02      0.118736     -0.001826      0.024463      0.024531     47.134384      0.001826      0.024463
0.500D+02      0.125159     -0.007073      0.031039      0.031834     51.418607      0.007073      0.031039
0.550D+02      0.133540     -0.013838      0.039035      0.041415     54.759689      0.013838      0.039035
0.600D+02      0.144654     -0.022458      0.049017      0.053917     57.307645      0.022458      0.049017
