          25

0.600D+02      0.148149     -0.127880      0.000000      0.127880     90.000000      0.127880      0.000000
0.550D+02      0.153854     -0.129301      0.000000      0.129301     90.000000      0.129301      0.000000
0.500D+02      0.165274     -0.130301      0.000000      0.130301     90.000000      0.130301      0.000000
0.450D+02      0.178482     -0.128115      0.000000      0.128115     90.000000      0.128115      0.000000
0.400D+02      0.189445     -0.120962      0.000000      0.120962     90.000000      0.120962      0.000000
0.350D+02      0.194816     -0.108594      0.000000      0.108594     90.000000      0.108594      0.000000
0.300D+02      0.192718     -0.092276      0.000000      0.092276     90.000000      0.092276      0.000000
0.250D+02      0.183192     -0.074211      0.000000      0.074211     90.000000      0.074211      0.000000
0.200D+02      0.168083     -0.056727      0.000000      0.056727     90.000000      0.056727      0.000000
0.150D+02      0.150397     -0.041567      0.000000      0.041567     90.000000      0.041567      0.000000
0.100D+02      0.133350     -0.029550      0.000000      0.029550     90.000000      0.029550      0.000000
0.500D+01      0.119476     -0.020638      0.000000      0.020638     90.000000      0.020638      0.000000
0.000D+00      0.110099     -0.014263      0.000000      0.014263     90.000000      0.014263      0.000000
0.500D+01      0.105316     -0.009713     -0.000000      0.009713     90.000001      0.009713      0.000000
0.100D+02      0.104356     -0.006401     -0.000000      0.006401     90.000002      0.006401      0.000000
0.150D+02      0.106114     -0.003967     -0.000000      0.003967     90.000002      0.003967      0.000000
0.200D+02      0.109585     -0.002264     -0.000000      0.002264     90.000003      0.002264      0.000000
0.250D+02      0.114091     -0.001286     -0.000000      0.001286     90.000004      0.001286      0.000000
0.300D+02      0.119310     -0.001107     -0.000000      0.001107     90.000002      0.001107      0.000000
0.350D+02      0.125193     -0.001855      0.000000      0.001855     90.000000      0.001855      0.000000
0.400D+02      0.131882     -0.003710      0.000000      0.003710     89.999999      0.003710      0.000000
0.450D+02      0.139665     -0.006915      0.000000      0.006915     89.999999      0.006915      0.000000
0.500D+02      0.148977     -0.011792      0.000000      0.011792     89.999999      0.011792      0.000000
0.550D+02      0.160427     -0.018757      0.000000      0.018757     89.999999      0.018757      0.000000
0.600D+02      0.174846     -0.028333      0.000000      0.028333     89.999999      0.028333      0.000000
