          25

0.600D+02      0.108675     -0.098024      0.000000      0.098024     90.000000      0.098024      0.000000
0.550D+02      0.126047     -0.107969      0.000000      0.107969     90.000000      0.107969      0.000000
0.500D+02      0.147418     -0.116133      0.000000      0.116133     90.000000      0.116133      0.000000
0.450D+02      0.168285     -0.119098      0.000000      0.119098     90.000000      0.119098      0.000000
0.400D+02      0.183998     -0.114839      0.000000      0.114839     90.000000      0.114839      0.000000
0.350D+02      0.190790     -0.103345      0.000000      0.103345     90.000000      0.103345      0.000000
0.300D+02      0.186756     -0.086492      0.000000      0.086492     90.000000      0.086492      0.000000
0.250D+02      0.172381     -0.067271      0.000000      0.067271     90.000000      0.067271      0.000000
0.200D+02      0.150368     -0.048723      0.000000      0.048723     90.000000      0.048723      0.000000
0.150D+02      0.124795     -0.033067      0.000000      0.033067     90.000000      0.033067      0.000000
0.100D+02      0.099904     -0.021293      0.000000      0.021293     90.000000      0.021293      0.000000
0.500D+01      0.078989     -0.013279      0.000000      0.013279     90.000000      0.013279      0.000000
0.000D+00      0.063752     -0.008230      0.000000      0.008230     90.000000      0.008230      0.000000
0.500D+01      0.054297     -0.005174     -0.000000      0.005174     90.000001      0.005174      0.000000
0.100D+02      0.049618     -0.003307     -0.000000      0.003307     90.000001      0.003307      0.000000
0.150D+02      0.048268     -0.002119     -0.000000      0.002119     90.000002      0.002119      0.000000
0.200D+02      0.048924     -0.001370     -0.000000      0.001370     90.000003      0.001370      0.000000
0.250D+02      0.050669     -0.000986     -0.000000      0.000986     90.000003      0.000986      0.000000
0.300D+02      0.053017     -0.000987     -0.000000      0.000987     90.000002      0.000987      0.000000
0.350D+02      0.055809     -0.001441     -0.000000      0.001441     90.000001      0.001441      0.000000
0.400D+02      0.059083     -0.002451     -0.000000      0.002451     90.000000      0.002451      0.000000
0.450D+02      0.063016     -0.004173      0.000000      0.004173     90.000000      0.004173      0.000000
0.500D+02      0.067902     -0.006827      0.000000      0.006827     90.000000      0.006827      0.000000
0.550D+02      0.074186     -0.010720      0.000000      0.010720     90.000000      0.010720      0.000000
0.600D+02      0.082516     -0.016269      0.000000      0.016269     89.999999      0.016269      0.000000
