          25

0.600D+02      0.003303
0.550D+02      0.002774
0.500D+02      0.003482
0.450D+02      0.005844
0.400D+02      0.010260
0.350D+02      0.016754
0.300D+02      0.024660
0.250D+02      0.032568
0.200D+02      0.038669
0.150D+02      0.041376
0.100D+02      0.039953
0.500D+01      0.034808
0.000D+00      0.027312
0.500D+01      0.019242
0.100D+02      0.012131
0.150D+02      0.006837
0.200D+02      0.003481
0.250D+02      0.001681
0.300D+02      0.000885
0.350D+02      0.000627
0.400D+02      0.000629
0.450D+02      0.000782
0.500D+02      0.001099
0.550D+02      0.001665
0.600D+02      0.002631
