          25

0.600D+02      0.874566     -0.715639      0.000000      0.715639     90.000000      0.715639      0.000000
0.550D+02      0.674051     -0.579457      0.000000      0.579457     90.000000      0.579457      0.000000
0.500D+02      0.500796     -0.441860      0.000000      0.441860     90.000000      0.441860      0.000000
0.450D+02      0.362921     -0.322020      0.000000      0.322020     90.000000      0.322020      0.000000
0.400D+02      0.261294     -0.229563      0.000000      0.229563     90.000000      0.229563      0.000000
0.350D+02      0.191881     -0.165490      0.000000      0.165490     90.000000      0.165490      0.000000
0.300D+02      0.148149     -0.125103      0.000000      0.125103     90.000000      0.125103      0.000000
0.250D+02      0.123065     -0.101407      0.000000      0.101407     90.000000      0.101407      0.000000
0.200D+02      0.110446     -0.087767      0.000000      0.087767     90.000000      0.087767      0.000000
0.150D+02      0.105613     -0.079261      0.000000      0.079261     90.000000      0.079261      0.000000
0.100D+02      0.105477     -0.072896      0.000000      0.072896     90.000000      0.072896      0.000000
0.500D+01      0.108258     -0.067166      0.000000      0.067166     90.000000      0.067166      0.000000
0.000D+00      0.113065     -0.061460      0.000000      0.061460     90.000000      0.061460      0.000000
0.500D+01      0.119513     -0.055600     -0.000000      0.055600     90.000001      0.055600      0.000000
0.100D+02      0.127465     -0.049581     -0.000000      0.049581     90.000001      0.049581      0.000000
0.150D+02      0.136899     -0.043463     -0.000000      0.043463     90.000002      0.043463      0.000000
0.200D+02      0.147859     -0.037331     -0.000000      0.037331     90.000002      0.037331      0.000000
0.250D+02      0.160449     -0.031294     -0.000000      0.031294     90.000002      0.031294      0.000000
0.300D+02      0.174846     -0.025489     -0.000000      0.025489     90.000002      0.025489      0.000000
0.350D+02      0.191334     -0.020086     -0.000000      0.020086     90.000003      0.020086      0.000000
0.400D+02      0.210350     -0.015300     -0.000000      0.015300     90.000003      0.015300      0.000000
0.450D+02      0.232549     -0.011392     -0.000000      0.011392     90.000004      0.011392      0.000000
0.500D+02      0.258900     -0.008664     -0.000000      0.008664     90.000004      0.008664      0.000000
0.550D+02      0.290806     -0.007422     -0.000000      0.007422     90.000002      0.007422      0.000000
0.600D+02      0.330270     -0.007938     -0.000000      0.007938     90.000000      0.007938      0.000000
