          25

0.600D+02      0.412067
0.550D+02      0.376511
0.500D+02      0.347791
0.450D+02      0.324879
0.400D+02      0.306853
0.350D+02      0.292939
0.300D+02      0.282509
0.250D+02      0.275064
0.200D+02      0.270208
0.150D+02      0.267640
0.100D+02      0.267135
0.500D+01      0.268534
0.000D+00      0.271726
0.500D+01      0.276642
0.100D+02      0.283250
0.150D+02      0.291562
0.200D+02      0.301638
0.250D+02      0.313595
0.300D+02      0.327617
0.350D+02      0.343967
0.400D+02      0.363012
0.450D+02      0.385235
0.500D+02      0.411247
0.550D+02      0.441776
0.600D+02      0.477607
