          25

0.600D+02      0.004369     -0.002339     -0.001560      0.002811    106.849637      0.002339      0.001560
0.550D+02      0.002640     -0.001773     -0.000801      0.001946    102.159629      0.001773      0.000801
0.500D+02      0.001676     -0.001254     -0.000419      0.001322     99.233002      0.001254      0.000419
0.450D+02      0.001175     -0.000833     -0.000256      0.000871     98.544831      0.000833      0.000256
0.400D+02      0.000948     -0.000511     -0.000221      0.000556    101.682516      0.000511      0.000221
0.350D+02      0.000893     -0.000268     -0.000263      0.000375    112.196373      0.000268      0.000263
0.300D+02      0.000940     -0.000085     -0.000344      0.000354    128.058005      0.000085      0.000344
0.250D+02      0.001019      0.000052     -0.000422      0.000425    -41.464951      0.000052      0.000422
0.200D+02      0.001061      0.000148     -0.000459      0.000482    -36.046305      0.000148      0.000459
0.150D+02      0.001026      0.000203     -0.000445      0.000489    -32.713973      0.000203      0.000445
0.100D+02      0.000927      0.000223     -0.000402      0.000460    -30.492413      0.000223      0.000402
0.500D+01      0.000807      0.000216     -0.000360      0.000420    -29.482736      0.000216      0.000360
0.000D+00      0.000707      0.000195     -0.000337      0.000390    -29.999998      0.000195      0.000337
0.500D+01      0.000645      0.000164     -0.000337      0.000375    -31.996427      0.000164      0.000337
0.100D+02      0.000613      0.000125     -0.000350      0.000372    -35.148596      0.000125      0.000350
0.150D+02      0.000601      0.000075     -0.000370      0.000377    -39.266368      0.000075      0.000370
0.200D+02      0.000603      0.000008     -0.000389      0.000389    -44.377475      0.000008      0.000389
0.250D+02      0.000618     -0.000080     -0.000404      0.000412    129.421130      0.000080      0.000404
0.300D+02      0.000655     -0.000198     -0.000408      0.000454    122.078176      0.000198      0.000408
0.350D+02      0.000731     -0.000358     -0.000388      0.000528    113.662278      0.000358      0.000388
0.400D+02      0.000877     -0.000580     -0.000320      0.000662    104.462757      0.000580      0.000320
0.450D+02      0.001156     -0.000888     -0.000158      0.000902     95.040734      0.000888      0.000158
0.500D+02      0.001678     -0.001309      0.000182      0.001321     86.042257      0.001309      0.000182
0.550D+02      0.002629     -0.001855      0.000835      0.002034     77.874888      0.001855      0.000835
0.600D+02      0.004292     -0.002497      0.002006      0.003203     70.612603      0.002497      0.002006
