          25

0.600D+02      1.352117     -1.237664      0.000000      1.237664     90.000000      1.237664      0.000000
0.550D+02      0.972395     -0.929999      0.000000      0.929999     90.000000      0.929999      0.000000
0.500D+02      0.665511     -0.651928      0.000000      0.651928     90.000000      0.651928      0.000000
0.450D+02      0.432854     -0.425766      0.000000      0.425766     90.000000      0.425766      0.000000
0.400D+02      0.268023     -0.259767      0.000000      0.259767     90.000000      0.259767      0.000000
0.350D+02      0.159386     -0.149802      0.000000      0.149802     90.000000      0.149802      0.000000
0.300D+02      0.093214     -0.084166      0.000000      0.084166     90.000000      0.084166      0.000000
0.250D+02      0.056323     -0.048909      0.000000      0.048909     90.000000      0.048909      0.000000
0.200D+02      0.037794     -0.031780      0.000000      0.031780     90.000000      0.031780      0.000000
0.150D+02      0.029685     -0.024036      0.000000      0.024036     90.000000      0.024036      0.000000
0.100D+02      0.026917     -0.020465      0.000000      0.020465     90.000000      0.020465      0.000000
0.500D+01      0.026659     -0.018459      0.000000      0.018459     90.000000      0.018459      0.000000
0.000D+00      0.027554     -0.016930      0.000000      0.016930     90.000000      0.016930      0.000000
0.500D+01      0.029054     -0.015512     -0.000000      0.015512     90.000001      0.015512      0.000000
0.100D+02      0.030981     -0.014113     -0.000000      0.014113     90.000001      0.014113      0.000000
0.150D+02      0.033297     -0.012727     -0.000000      0.012727     90.000002      0.012727      0.000000
0.200D+02      0.036015     -0.011375     -0.000000      0.011375     90.000002      0.011375      0.000000
0.250D+02      0.039175     -0.010087     -0.000000      0.010087     90.000002      0.010087      0.000000
0.300D+02      0.042844     -0.008904     -0.000000      0.008904     90.000002      0.008904      0.000000
0.350D+02      0.047129     -0.007889     -0.000000      0.007889     90.000002      0.007889      0.000000
0.400D+02      0.052205     -0.007127     -0.000000      0.007127     90.000002      0.007127      0.000000
0.450D+02      0.058349     -0.006747     -0.000000      0.006747     90.000002      0.006747      0.000000
0.500D+02      0.066004     -0.006922     -0.000000      0.006922     90.000002      0.006922      0.000000
0.550D+02      0.075866     -0.007877     -0.000000      0.007877     90.000001      0.007877      0.000000
0.600D+02      0.089013     -0.009878     -0.000000      0.009878     90.000001      0.009878      0.000000
