          25

0.600D+02      0.053432
0.550D+02      0.047836
0.500D+02      0.044925
0.450D+02      0.044562
0.400D+02      0.046775
0.350D+02      0.051381
0.300D+02      0.057674
0.250D+02      0.064342
0.200D+02      0.069742
0.150D+02      0.072430
0.100D+02      0.071708
0.500D+01      0.067881
0.000D+00      0.062110
0.500D+01      0.055922
0.100D+02      0.050645
0.150D+02      0.047030
0.200D+02      0.045200
0.250D+02      0.044849
0.300D+02      0.045544
0.350D+02      0.046948
0.400D+02      0.048918
0.450D+02      0.051503
0.500D+02      0.054922
0.550D+02      0.059563
0.600D+02      0.066027
