          25

0.600D+02      1.032441
0.550D+02      0.728149
0.500D+02      0.488265
0.450D+02      0.309552
0.400D+02      0.184581
0.350D+02      0.103055
0.300D+02      0.053792
0.250D+02      0.026457
0.200D+02      0.012669
0.150D+02      0.006410
0.100D+02      0.003868
0.500D+01      0.002935
0.000D+00      0.002609
0.500D+01      0.002491
0.100D+02      0.002453
0.150D+02      0.002468
0.200D+02      0.002544
0.250D+02      0.002704
0.300D+02      0.002994
0.350D+02      0.003495
0.400D+02      0.004351
0.450D+02      0.005809
0.500D+02      0.008269
0.550D+02      0.012331
0.600D+02      0.018827
