          25

0.600D+02      0.005831
0.550D+02      0.003686
0.500D+02      0.002410
0.450D+02      0.001681
0.400D+02      0.001293
0.350D+02      0.001123
0.300D+02      0.001088
0.250D+02      0.001108
0.200D+02      0.001108
0.150D+02      0.001045
0.100D+02      0.000927
0.500D+01      0.000796
0.000D+00      0.000692
0.500D+01      0.000630
0.100D+02      0.000604
0.150D+02      0.000601
0.200D+02      0.000615
0.250D+02      0.000647
0.300D+02      0.000707
0.350D+02      0.000816
0.400D+02      0.001012
0.450D+02      0.001369
0.500D+02      0.002016
0.550D+02      0.003162
0.600D+02      0.005117
