          25

0.600D+02      0.183223      0.023776     -0.140388      0.142387    -40.193732      0.023776      0.140388
0.550D+02      0.160135      0.019525     -0.126544      0.128041    -40.614266      0.019525      0.126544
0.500D+02      0.143358      0.017200     -0.115368      0.116643    -40.760074      0.017200      0.115368
0.450D+02      0.131189      0.016163     -0.106079      0.107304    -40.668414      0.016163      0.106079
0.400D+02      0.122441      0.016023     -0.098133      0.099433    -40.363222      0.016023      0.098133
0.350D+02      0.116292      0.016549     -0.091150      0.092640    -39.854692      0.016549      0.091150
0.300D+02      0.112166      0.017597     -0.084859      0.086664    -39.142533      0.017597      0.084859
0.250D+02      0.109641      0.019068     -0.079054      0.081322    -38.219661      0.019068      0.079054
0.200D+02      0.108405      0.020891     -0.073581      0.076489    -37.074989      0.020891      0.073581
0.150D+02      0.108238      0.023008     -0.068328      0.072098    -35.695209      0.023008      0.068328
0.100D+02      0.109005      0.025374     -0.063222      0.068124    -34.065864      0.025374      0.063222
0.500D+01      0.110629      0.027958     -0.058207      0.064573    -32.172160      0.027958      0.058207
0.000D+00      0.113065      0.030730     -0.053226      0.061460    -29.999999      0.030730      0.053226
0.500D+01      0.116285      0.033667     -0.048216      0.058807    -27.537422      0.033667      0.048216
0.100D+02      0.120272      0.036746     -0.043104      0.056641    -24.776441      0.036746      0.043104
0.150D+02      0.125036      0.039944     -0.037813      0.055003    -21.714864      0.039944      0.037813
0.200D+02      0.130621      0.043246     -0.032253      0.053949    -18.357743      0.043246      0.032253
0.250D+02      0.137112      0.046639     -0.026318      0.053552    -14.717923      0.046639      0.026318
0.300D+02      0.144654      0.050118     -0.019874      0.053915    -10.815277      0.050118      0.019874
0.350D+02      0.153464      0.053686     -0.012740      0.055177     -6.674960      0.053686      0.012740
0.400D+02      0.163870      0.057367     -0.004670      0.057556     -2.326796      0.057367      0.004670
0.450D+02      0.176362      0.061215      0.004687      0.061394      2.189126      0.061215      0.004687
0.500D+02      0.191661      0.065359      0.015823      0.067247      6.804713      0.065359      0.015823
0.550D+02      0.210823      0.070052      0.029437      0.075986     11.396517      0.070052      0.029437
0.600D+02      0.235375      0.075758      0.046505      0.088894     15.772033      0.075758      0.046505
