          25

0.600D+02      0.074014     -0.065761      0.000000      0.065761     90.000000      0.065761      0.000000
0.550D+02      0.093313     -0.078150      0.000000      0.078150     90.000000      0.078150      0.000000
0.500D+02      0.115153     -0.088145      0.000000      0.088145     90.000000      0.088145      0.000000
0.450D+02      0.135479     -0.092735      0.000000      0.092735     90.000000      0.092735      0.000000
0.400D+02      0.150072     -0.090221      0.000000      0.090221     90.000000      0.090221      0.000000
0.350D+02      0.155570     -0.080784      0.000000      0.080784     90.000000      0.080784      0.000000
0.300D+02      0.150390     -0.066333      0.000000      0.066333     90.000000      0.066333      0.000000
0.250D+02      0.135190     -0.049759      0.000000      0.049759     90.000000      0.049759      0.000000
0.200D+02      0.112676     -0.033937      0.000000      0.033937     90.000000      0.033937      0.000000
0.150D+02      0.086789     -0.020917      0.000000      0.020917     90.000000      0.020917      0.000000
0.100D+02      0.061567     -0.011571      0.000000      0.011571     90.000000      0.011571      0.000000
0.500D+01      0.040113     -0.005723      0.000000      0.005723     90.000000      0.005723      0.000000
0.000D+00      0.024014     -0.002575      0.000000      0.002575     90.000000      0.002575      0.000000
0.500D+01      0.013347     -0.001172     -0.000000      0.001172     90.000001      0.001172      0.000000
0.100D+02      0.007143     -0.000725     -0.000000      0.000725     90.000002      0.000725      0.000000
0.150D+02      0.004027     -0.000733     -0.000000      0.000733     90.000002      0.000733      0.000000
0.200D+02      0.002742     -0.000944     -0.000000      0.000944     90.000002      0.000944      0.000000
0.250D+02      0.002409     -0.001272     -0.000000      0.001272     90.000002      0.001272      0.000000
0.300D+02      0.002555     -0.001720     -0.000000      0.001720     90.000001      0.001720      0.000000
0.350D+02      0.003009     -0.002334     -0.000000      0.002334     90.000001      0.002334      0.000000
0.400D+02      0.003780     -0.003204     -0.000000      0.003204     90.000000      0.003204      0.000000
0.450D+02      0.004992     -0.004461     -0.000000      0.004461     90.000000      0.004461      0.000000
0.500D+02      0.006855     -0.006292      0.000000      0.006292     90.000000      0.006292      0.000000
0.550D+02      0.009660     -0.008931      0.000000      0.008931     90.000000      0.008931      0.000000
0.600D+02      0.013774     -0.012635      0.000000      0.012635     89.999999      0.012635      0.000000
