          25

0.600D+02      0.007437     -0.004154     -0.002484      0.004840    105.435841      0.004154      0.002484
0.550D+02      0.004644     -0.003208     -0.001310      0.003465    101.101726      0.003208      0.001310
0.500D+02      0.003046     -0.002313     -0.000703      0.002417     98.448250      0.002313      0.000703
0.450D+02      0.002185     -0.001564     -0.000433      0.001622     97.735178      0.001564      0.000433
0.400D+02      0.001762     -0.000978     -0.000355      0.001040     99.990005      0.000978      0.000355
0.350D+02      0.001599     -0.000534     -0.000388      0.000660    107.984615      0.000534      0.000388
0.300D+02      0.001584     -0.000203     -0.000473      0.000515    123.410030      0.000203      0.000473
0.250D+02      0.001625      0.000041     -0.000562      0.000564    -42.938314      0.000041      0.000562
0.200D+02      0.001644      0.000210     -0.000617      0.000651    -35.618134      0.000210      0.000617
0.150D+02      0.001600      0.000313     -0.000626      0.000700    -31.714470      0.000313      0.000626
0.100D+02      0.001498      0.000361     -0.000608      0.000707    -29.651795      0.000361      0.000608
0.500D+01      0.001377      0.000366     -0.000591      0.000695    -29.099623      0.000366      0.000591
0.000D+00      0.001276      0.000342     -0.000592      0.000683    -29.999997      0.000342      0.000592
0.500D+01      0.001209      0.000294     -0.000613      0.000680    -32.173266      0.000294      0.000613
0.100D+02      0.001173      0.000225     -0.000647      0.000685    -35.406339      0.000225      0.000647
0.150D+02      0.001159      0.000130     -0.000686      0.000699    -39.621033      0.000130      0.000686
0.200D+02      0.001164      0.000004     -0.000724      0.000724    -44.861420      0.000004      0.000724
0.250D+02      0.001194     -0.000165     -0.000752      0.000770    128.814277      0.000165      0.000752
0.300D+02      0.001265     -0.000390     -0.000760      0.000854    121.423272      0.000390      0.000760
0.350D+02      0.001405     -0.000693     -0.000723      0.001002    113.124509      0.000693      0.000723
0.400D+02      0.001670     -0.001105     -0.000601      0.001258    104.266278      0.001105      0.000601
0.450D+02      0.002161     -0.001667     -0.000315      0.001696     95.347699      0.001667      0.000315
0.500D+02      0.003051     -0.002413      0.000267      0.002428     86.841870      0.002413      0.000267
0.550D+02      0.004624     -0.003355      0.001354      0.003618     79.012300      0.003355      0.001354
0.600D+02      0.007303     -0.004435      0.003246      0.005496     71.897965      0.004435      0.003246
