          25

0.600D+02      0.020841     -0.017556     -0.003806      0.017963     96.115598      0.017556      0.003806
0.550D+02      0.015623     -0.013509     -0.002089      0.013669     94.394539      0.013509      0.002089
0.500D+02      0.012578     -0.010310     -0.001290      0.010391     93.564691      0.010310      0.001290
0.450D+02      0.011524     -0.007916     -0.001233      0.008011     94.427451      0.007916      0.001233
0.400D+02      0.012331     -0.006178     -0.001739      0.006418     97.861093      0.006178      0.001739
0.350D+02      0.014747     -0.004871     -0.002576      0.005510    103.938430      0.004871      0.002576
0.300D+02      0.018236     -0.003750     -0.003458      0.005101    111.339752      0.003750      0.003458
0.250D+02      0.021943     -0.002641     -0.004094      0.004872    118.587413      0.002641      0.004094
0.200D+02      0.024854     -0.001505     -0.004283      0.004540    125.322400      0.001505      0.004283
0.150D+02      0.026103     -0.000435     -0.003980      0.004004    131.881787      0.000435      0.003980
0.100D+02      0.025279      0.000409     -0.003305      0.003330    -41.476222      0.000409      0.003305
0.500D+01      0.022572      0.000897     -0.002478      0.002635    -35.050772      0.000897      0.002478
0.000D+00      0.018678      0.000996     -0.001724      0.001991    -29.999999      0.000996      0.001724
0.500D+01      0.014506      0.000766     -0.001190      0.001415    -28.626062      0.000766      0.001190
0.100D+02      0.010849      0.000314     -0.000913      0.000966    -35.510037      0.000314      0.000913
0.150D+02      0.008165     -0.000267     -0.000844      0.000885    126.211298      0.000267      0.000844
0.200D+02      0.006543     -0.000941     -0.000894      0.001298    111.767630      0.000941      0.000894
0.250D+02      0.005828     -0.001726     -0.000979      0.001984    104.781742      0.001726      0.000979
0.300D+02      0.005799     -0.002681     -0.001033      0.002873    100.541143      0.002681      0.001033
0.350D+02      0.006303     -0.003890     -0.001004      0.004018     97.236295      0.003890      0.001004
0.400D+02      0.007322     -0.005457     -0.000827      0.005519     94.306551      0.005457      0.000827
0.450D+02      0.008973     -0.007507     -0.000404      0.007518     91.542143      0.007507      0.000404
0.500D+02      0.011490     -0.010184      0.000408      0.010192     88.851745      0.010184      0.000408
0.550D+02      0.015204     -0.013635      0.001817      0.013756     86.204378      0.013635      0.001817
0.600D+02      0.020525     -0.017985      0.004085      0.018443     83.600920      0.017985      0.004085
