          25

0.600D+02      1.179753     -1.055750      0.000000      1.055750     90.000000      1.055750      0.000000
0.550D+02      0.864705     -0.809166      0.000000      0.809166     90.000000      0.809166      0.000000
0.500D+02      0.605018     -0.579909      0.000000      0.579909     90.000000      0.579909      0.000000
0.450D+02      0.405371     -0.390085      0.000000      0.390085     90.000000      0.390085      0.000000
0.400D+02      0.262351     -0.248919      0.000000      0.248919     90.000000      0.248919      0.000000
0.350D+02      0.167173     -0.154303      0.000000      0.154303     90.000000      0.154303      0.000000
0.300D+02      0.108675     -0.097042      0.000000      0.097042     90.000000      0.097042      0.000000
0.250D+02      0.075810     -0.065593      0.000000      0.065593     90.000000      0.065593      0.000000
0.200D+02      0.059279     -0.049612      0.000000      0.049612     90.000000      0.049612      0.000000
0.150D+02      0.052244     -0.041639      0.000000      0.041639     90.000000      0.041639      0.000000
0.100D+02      0.050295     -0.037202      0.000000      0.037202     90.000000      0.037202      0.000000
0.500D+01      0.050954     -0.034055      0.000000      0.034055     90.000000      0.034055      0.000000
0.000D+00      0.053023     -0.031266      0.000000      0.031266     90.000000      0.031266      0.000000
0.500D+01      0.056010     -0.028528     -0.000000      0.028528     90.000001      0.028528      0.000000
0.100D+02      0.059754     -0.025774     -0.000000      0.025774     90.000001      0.025774      0.000000
0.150D+02      0.064228     -0.023019     -0.000000      0.023019     90.000002      0.023019      0.000000
0.200D+02      0.069460     -0.020302     -0.000000      0.020302     90.000002      0.020302      0.000000
0.250D+02      0.075517     -0.017680     -0.000000      0.017680     90.000002      0.017680      0.000000
0.300D+02      0.082516     -0.015227     -0.000000      0.015227     90.000002      0.015227      0.000000
0.350D+02      0.090639     -0.013045     -0.000000      0.013045     90.000002      0.013045      0.000000
0.400D+02      0.100175     -0.011276     -0.000000      0.011276     90.000003      0.011276      0.000000
0.450D+02      0.111574     -0.010111     -0.000000      0.010111     90.000003      0.010111      0.000000
0.500D+02      0.125534     -0.009799     -0.000000      0.009799     90.000002      0.009799      0.000000
0.550D+02      0.143121     -0.010637     -0.000000      0.010637     90.000002      0.010637      0.000000
0.600D+02      0.165947     -0.012947     -0.000000      0.012947     90.000001      0.012947      0.000000
