          25

0.600D+02      0.574247     -0.282611      0.000000      0.282611     90.000000      0.282611      0.000000
0.550D+02      0.497652     -0.273998      0.000000      0.273998     90.000000      0.273998      0.000000
0.500D+02      0.427691     -0.254999      0.000000      0.254999     90.000000      0.254999      0.000000
0.450D+02      0.368404     -0.232647      0.000000      0.232647     90.000000      0.232647      0.000000
0.400D+02      0.321546     -0.211767      0.000000      0.211767     90.000000      0.211767      0.000000
0.350D+02      0.287003     -0.194547      0.000000      0.194547     90.000000      0.194547      0.000000
0.300D+02      0.263460     -0.181057      0.000000      0.181057     90.000000      0.181057      0.000000
0.250D+02      0.249080     -0.170197      0.000000      0.170197     90.000000      0.170197      0.000000
0.200D+02      0.242019     -0.160574      0.000000      0.160574     90.000000      0.160574      0.000000
0.150D+02      0.240742     -0.151049      0.000000      0.151049     90.000000      0.151049      0.000000
0.100D+02      0.244127     -0.140926      0.000000      0.140926     90.000000      0.140926      0.000000
0.500D+01      0.251439     -0.129898      0.000000      0.129898     90.000000      0.129898      0.000000
0.000D+00      0.262227     -0.117911      0.000000      0.117911     90.000000      0.117911      0.000000
0.500D+01      0.276221     -0.105045     -0.000000      0.105045     90.000002      0.105045      0.000000
0.100D+02      0.293262     -0.091447     -0.000000      0.091447     90.000002      0.091447      0.000000
0.150D+02      0.313256     -0.077295     -0.000000      0.077295     90.000002      0.077295      0.000000
0.200D+02      0.336170     -0.062790     -0.000000      0.062790     90.000002      0.062790      0.000000
0.250D+02      0.362027     -0.048162     -0.000000      0.048162     90.000003      0.048162      0.000000
0.300D+02      0.390924     -0.033663     -0.000000      0.033663     90.000003      0.033663      0.000000
0.350D+02      0.423046     -0.019577     -0.000000      0.019577     90.000005      0.019577      0.000000
0.400D+02      0.458684     -0.006210     -0.000000      0.006210     90.000012      0.006210      0.000000
0.450D+02      0.498261      0.006109     -0.000000      0.006109     -0.000009      0.006109      0.000000
0.500D+02      0.542337      0.017043     -0.000000      0.017043     -0.000002      0.017043      0.000000
0.550D+02      0.591589      0.026252      0.000000      0.026252      0.000000      0.026252      0.000000
0.600D+02      0.646734      0.033369      0.000000      0.033369      0.000001      0.033369      0.000000
