          25

0.600D+02      0.263460     -0.185528      0.000000      0.185528     90.000000      0.185528      0.000000
0.550D+02      0.251501     -0.176900      0.000000      0.176900     90.000000      0.176900      0.000000
0.500D+02      0.246069     -0.167788      0.000000      0.167788     90.000000      0.167788      0.000000
0.450D+02      0.245246     -0.157360      0.000000      0.157360     90.000000      0.157360      0.000000
0.400D+02      0.246853     -0.144939      0.000000      0.144939     90.000000      0.144939      0.000000
0.350D+02      0.248882     -0.130368      0.000000      0.130368     90.000000      0.130368      0.000000
0.300D+02      0.249915     -0.114114      0.000000      0.114114     90.000000      0.114114      0.000000
0.250D+02      0.249399     -0.097107      0.000000      0.097107     90.000000      0.097107      0.000000
0.200D+02      0.247665     -0.080406      0.000000      0.080406     90.000000      0.080406      0.000000
0.150D+02      0.245674     -0.064885      0.000000      0.064885     90.000000      0.064885      0.000000
0.100D+02      0.244599     -0.051047      0.000000      0.051047     90.000000      0.051047      0.000000
0.500D+01      0.245409     -0.039024      0.000000      0.039024     90.000000      0.039024      0.000000
0.000D+00      0.248599     -0.028711      0.000000      0.028711     90.000000      0.028711      0.000000
0.500D+01      0.254154     -0.019924     -0.000000      0.019924     90.000002      0.019924      0.000000
0.100D+02      0.261696     -0.012524     -0.000000      0.012524     90.000002      0.012524      0.000000
0.150D+02      0.270711     -0.006472     -0.000000      0.006472     90.000003      0.006472      0.000000
0.200D+02      0.280745     -0.001822     -0.000000      0.001822     90.000007      0.001822      0.000000
0.250D+02      0.291506      0.001302     -0.000000      0.001302     -0.000003      0.001302      0.000000
0.300D+02      0.302877      0.002730      0.000000      0.002730      0.000002      0.002730      0.000000
0.350D+02      0.314885      0.002256      0.000000      0.002256      0.000007      0.002256      0.000000
0.400D+02      0.327658     -0.000361      0.000000      0.000361     89.999920      0.000361      0.000000
0.450D+02      0.341399     -0.005393      0.000000      0.005393     89.999992      0.005393      0.000000
0.500D+02      0.356362     -0.013148      0.000000      0.013148     89.999996      0.013148      0.000000
0.550D+02      0.372806     -0.023950      0.000000      0.023950     89.999997      0.023950      0.000000
0.600D+02      0.390924     -0.038131      0.000000      0.038131     89.999998      0.038131      0.000000
