          25

0.600D+02      0.019517
0.550D+02      0.014677
0.500D+02      0.011937
0.450D+02      0.011098
0.400D+02      0.012033
0.350D+02      0.014509
0.300D+02      0.018013
0.250D+02      0.021711
0.200D+02      0.024603
0.150D+02      0.025834
0.100D+02      0.024998
0.500D+01      0.022290
0.000D+00      0.018402
0.500D+01      0.014240
0.100D+02      0.010591
0.150D+02      0.007901
0.200D+02      0.006249
0.250D+02      0.005464
0.300D+02      0.005307
0.350D+02      0.005606
0.400D+02      0.006325
0.450D+02      0.007569
0.500D+02      0.009574
0.550D+02      0.012698
0.600D+02      0.017415
