          25

0.600D+02      0.010637
0.550D+02      0.007887
0.500D+02      0.006951
0.450D+02      0.007925
0.400D+02      0.010946
0.350D+02      0.015900
0.300D+02      0.022152
0.250D+02      0.028491
0.200D+02      0.033398
0.150D+02      0.035553
0.100D+02      0.034340
0.500D+01      0.030086
0.000D+00      0.023915
0.500D+01      0.017280
0.100D+02      0.011441
0.150D+02      0.007103
0.200D+02      0.004373
0.250D+02      0.002947
0.300D+02      0.002391
0.350D+02      0.002352
0.400D+02      0.002652
0.450D+02      0.003284
0.500D+02      0.004377
0.550D+02      0.006181
0.600D+02      0.009048
