          25

0.600D+02      1.352019
0.550D+02      0.972496
0.500D+02      0.665703
0.450D+02      0.433057
0.400D+02      0.268182
0.350D+02      0.159464
0.300D+02      0.093187
0.250D+02      0.056173
0.200D+02      0.037509
0.150D+02      0.029255
0.100D+02      0.026333
0.500D+01      0.025912
0.000D+00      0.026636
0.500D+01      0.027957
0.100D+02      0.029696
0.150D+02      0.031813
0.200D+02      0.034320
0.250D+02      0.037254
0.300D+02      0.040676
0.350D+02      0.044690
0.400D+02      0.049460
0.450D+02      0.055250
0.500D+02      0.062491
0.550D+02      0.071862
0.600D+02      0.084435
