          25

0.600D+02      0.093187
0.550D+02      0.116570
0.500D+02      0.142801
0.450D+02      0.167244
0.400D+02      0.185062
0.350D+02      0.192367
0.300D+02      0.187287
0.250D+02      0.170544
0.200D+02      0.145252
0.150D+02      0.115986
0.100D+02      0.087458
0.500D+01      0.063303
0.000D+00      0.045392
0.500D+01      0.033825
0.100D+02      0.027478
0.150D+02      0.024743
0.200D+02      0.024146
0.250D+02      0.024649
0.300D+02      0.025681
0.350D+02      0.027012
0.400D+02      0.028609
0.450D+02      0.030550
0.500D+02      0.033001
0.550D+02      0.036234
0.600D+02      0.040676
