          25

0.600D+02      0.076760
0.550D+02      0.104327
0.500D+02      0.133672
0.450D+02      0.160214
0.400D+02      0.179112
0.350D+02      0.186500
0.300D+02      0.180606
0.250D+02      0.162341
0.200D+02      0.135067
0.150D+02      0.103628
0.100D+02      0.072969
0.500D+01      0.046885
0.000D+00      0.027312
0.500D+01      0.014339
0.100D+02      0.006777
0.150D+02      0.002936
0.200D+02      0.001259
0.250D+02      0.000648
0.300D+02      0.000482
0.350D+02      0.000485
0.400D+02      0.000573
0.450D+02      0.000756
0.500D+02      0.001097
0.550D+02      0.001710
0.600D+02      0.002767
