          25

0.600D+02      0.052383     -0.028098     -0.032980      0.043326    114.784970      0.028098      0.032980
0.550D+02      0.047033     -0.022782     -0.028130      0.036198    115.498650      0.022782      0.028130
0.500D+02      0.044365     -0.018629     -0.024741      0.030970    116.511260      0.018629      0.024741
0.450D+02      0.044261     -0.015418     -0.022540      0.027308    117.813177      0.015418      0.022540
0.400D+02      0.046742     -0.012889     -0.021285      0.024883    119.401720      0.012889      0.021285
0.350D+02      0.051620     -0.010711     -0.020646      0.023259    121.289581      0.010711      0.020646
0.300D+02      0.058176     -0.008549     -0.020176      0.021912    123.518682      0.008549      0.020176
0.250D+02      0.065093     -0.006177     -0.019396      0.020356    126.167534      0.006177      0.019396
0.200D+02      0.070722     -0.003590     -0.017956      0.018311    129.347368      0.003590      0.017956
0.150D+02      0.073616     -0.000996     -0.015760      0.015791    133.192565      0.000996      0.015760
0.100D+02      0.073073      0.001294     -0.012987      0.013051    -42.154416      0.001294      0.012987
0.500D+01      0.069398      0.003027     -0.009989      0.010437    -36.571522      0.003027      0.009989
0.000D+00      0.063752      0.004115     -0.007127      0.008230    -30.000000      0.004115      0.007127
0.500D+01      0.057660      0.004641     -0.004632      0.006557    -22.469357      0.004641      0.004632
0.100D+02      0.052451      0.004775     -0.002549      0.005412    -14.045317      0.004775      0.002549
0.150D+02      0.048878      0.004665     -0.000778      0.004729     -4.731561      0.004665      0.000778
0.200D+02      0.047064      0.004381      0.000845      0.004462      5.461699      0.004381      0.000845
0.250D+02      0.046708      0.003909      0.002475      0.004627     16.166917      0.003909      0.002475
0.300D+02      0.047378      0.003187      0.004223      0.005291     26.481491      0.003187      0.004223
0.350D+02      0.048745      0.002129      0.006174      0.006531     35.486354      0.002129      0.006174
0.400D+02      0.050671      0.000641      0.008408      0.008432     42.819593      0.000641      0.008408
0.450D+02      0.053215     -0.001395      0.011039      0.011127     48.600335      0.001395      0.011039
0.500D+02      0.056599     -0.004137      0.014243      0.014831     53.098321      0.004137      0.014243
0.550D+02      0.061206     -0.007802      0.018288      0.019883     56.551858      0.007802      0.018288
0.600D+02      0.067609     -0.012680      0.023584      0.026776     59.132711      0.012680      0.023584
