          25

0.600D+02      0.017665
0.550D+02      0.012042
0.500D+02      0.008454
0.450D+02      0.006233
0.400D+02      0.004892
0.350D+02      0.004107
0.300D+02      0.003664
0.250D+02      0.003408
0.200D+02      0.003226
0.150D+02      0.003056
0.100D+02      0.002883
0.500D+01      0.002726
0.000D+00      0.002609
0.500D+01      0.002540
0.100D+02      0.002517
0.150D+02      0.002537
0.200D+02      0.002603
0.250D+02      0.002736
0.300D+02      0.002971
0.350D+02      0.003375
0.400D+02      0.004065
0.450D+02      0.005234
0.500D+02      0.007195
0.550D+02      0.010411
0.600D+02      0.015521
