          25

0.600D+02      0.478918     -0.440690      0.000000      0.440690     90.000000      0.440690      0.000000
0.550D+02      0.338711     -0.326118      0.000000      0.326118     90.000000      0.326118      0.000000
0.500D+02      0.228797     -0.225397      0.000000      0.225397     90.000000      0.225397      0.000000
0.450D+02      0.147213     -0.144793      0.000000      0.144793     90.000000      0.144793      0.000000
0.400D+02      0.090252     -0.086157      0.000000      0.086157     90.000000      0.086157      0.000000
0.350D+02      0.053047     -0.047456      0.000000      0.047456     90.000000      0.047456      0.000000
0.300D+02      0.030442     -0.024349      0.000000      0.024349     90.000000      0.024349      0.000000
0.250D+02      0.017736     -0.011916      0.000000      0.011916     90.000000      0.011916      0.000000
0.200D+02      0.011147     -0.005917      0.000000      0.005917     90.000000      0.005917      0.000000
0.150D+02      0.007976     -0.003344      0.000000      0.003344     90.000000      0.003344      0.000000
0.100D+02      0.006525     -0.002396      0.000000      0.002396     90.000000      0.002396      0.000000
0.500D+01      0.005859     -0.002157      0.000000      0.002157     90.000000      0.002157      0.000000
0.000D+00      0.005545     -0.002228      0.000000      0.002228     90.000000      0.002228      0.000000
0.500D+01      0.005421     -0.002463     -0.000000      0.002463     90.000005      0.002463      0.000000
0.100D+02      0.005447     -0.002820     -0.000000      0.002820     90.000004      0.002820      0.000000
0.150D+02      0.005637     -0.003302     -0.000000      0.003302     90.000004      0.003302      0.000000
0.200D+02      0.006022     -0.003936     -0.000000      0.003936     90.000003      0.003936      0.000000
0.250D+02      0.006653     -0.004780     -0.000000      0.004780     90.000003      0.004780      0.000000
0.300D+02      0.007606     -0.005919     -0.000000      0.005919     90.000002      0.005919      0.000000
0.350D+02      0.008998     -0.007476     -0.000000      0.007476     90.000002      0.007476      0.000000
0.400D+02      0.011013     -0.009613     -0.000000      0.009613     90.000001      0.009613      0.000000
0.450D+02      0.013935     -0.012519     -0.000000      0.012519     90.000001      0.012519      0.000000
0.500D+02      0.018183     -0.016388     -0.000000      0.016388     90.000000      0.016388      0.000000
0.550D+02      0.024341     -0.021367      0.000000      0.021367     90.000000      0.021367      0.000000
0.600D+02      0.033169     -0.027488      0.000000      0.027488     89.999999      0.027488      0.000000
