          25

0.600D+02      0.049790
0.550D+02      0.041998
0.500D+02      0.036624
0.450D+02      0.032885
0.400D+02      0.030284
0.350D+02      0.028511
0.300D+02      0.027351
0.250D+02      0.026635
0.200D+02      0.026224
0.150D+02      0.026028
0.100D+02      0.026021
0.500D+01      0.026216
0.000D+00      0.026636
0.500D+01      0.027287
0.100D+02      0.028161
0.150D+02      0.029254
0.200D+02      0.030572
0.250D+02      0.032144
0.300D+02      0.034016
0.350D+02      0.036268
0.400D+02      0.039020
0.450D+02      0.042467
0.500D+02      0.046920
0.550D+02      0.052866
0.600D+02      0.061068
