          25

0.600D+02      1.307195
0.550D+02      0.921997
0.500D+02      0.617745
0.450D+02      0.390770
0.400D+02      0.231926
0.350D+02      0.128287
0.300D+02      0.065702
0.250D+02      0.031041
0.200D+02      0.013630
0.150D+02      0.005800
0.100D+02      0.002685
0.500D+01      0.001598
0.000D+00      0.001258
0.500D+01      0.001158
0.100D+02      0.001130
0.150D+02      0.001135
0.200D+02      0.001172
0.250D+02      0.001252
0.300D+02      0.001400
0.350D+02      0.001662
0.400D+02      0.002128
0.450D+02      0.002955
0.500D+02      0.004418
0.550D+02      0.006948
0.600D+02      0.011172
