          25

0.600D+02      0.003799     -0.003115     -0.001147      0.003319    100.108252      0.003115      0.001147
0.550D+02      0.003082     -0.002315     -0.000891      0.002481    100.528436      0.002315      0.000891
0.500D+02      0.003658     -0.002028     -0.001212      0.002363    105.433531      0.002028      0.001212
0.450D+02      0.005937     -0.002194     -0.002140      0.003064    112.140892      0.002194      0.002140
0.400D+02      0.010306     -0.002641     -0.003617      0.004479    116.932749      0.002641      0.003617
0.350D+02      0.016776     -0.003079     -0.005409      0.006224    120.174720      0.003079      0.005409
0.300D+02      0.024671     -0.003182     -0.007097      0.007777    122.925442      0.003182      0.007097
0.250D+02      0.032576     -0.002739     -0.008203      0.008648    125.768533      0.002739      0.008203
0.200D+02      0.038676     -0.001776     -0.008385      0.008571    129.018869      0.001776      0.008385
0.150D+02      0.041385     -0.000558     -0.007581      0.007602    132.896815      0.000558      0.007581
0.100D+02      0.039963      0.000549     -0.006040      0.006065    -42.405592      0.000549      0.006040
0.500D+01      0.034819      0.001248     -0.004201      0.004382    -36.725649      0.001248      0.004201
0.000D+00      0.027325      0.001446     -0.002504      0.002891    -30.000000      0.001446      0.002504
0.500D+01      0.019256      0.001244     -0.001237      0.001755    -22.424639      0.001244      0.001237
0.100D+02      0.012148      0.000848     -0.000477      0.000973    -14.678914      0.000848      0.000477
0.150D+02      0.006858      0.000445     -0.000131      0.000463     -8.193125      0.000445      0.000131
0.200D+02      0.003511      0.000131     -0.000037      0.000136     -7.847866      0.000131      0.000037
0.250D+02      0.001726     -0.000084     -0.000051      0.000098    105.634614      0.000084      0.000051
0.300D+02      0.000955     -0.000243     -0.000085      0.000257     99.623338      0.000243      0.000085
0.350D+02      0.000738     -0.000400     -0.000100      0.000412     97.029210      0.000400      0.000100
0.400D+02      0.000804     -0.000603     -0.000081      0.000608     93.830295      0.000603      0.000081
0.450D+02      0.001055     -0.000902     -0.000009      0.000902     90.286079      0.000902      0.000009
0.500D+02      0.001516     -0.001361      0.000156      0.001370     86.732942      0.001361      0.000156
0.550D+02      0.002286     -0.002062      0.000486      0.002118     83.374810      0.002062      0.000486
0.600D+02      0.003518     -0.003105      0.001091      0.003291     80.319579      0.003105      0.001091
