          25

0.600D+02      0.046570      0.004178     -0.038943      0.039167    -41.937879      0.004178      0.038943
0.550D+02      0.039576      0.003674     -0.034342      0.034538    -41.946861      0.003674      0.034342
0.500D+02      0.034849      0.003583     -0.030901      0.031108    -41.692998      0.003583      0.030901
0.450D+02      0.031636      0.003721     -0.028214      0.028458    -41.243612      0.003721      0.028214
0.400D+02      0.029470      0.003999     -0.026033      0.026338    -40.633220      0.003999      0.026033
0.350D+02      0.028058      0.004378     -0.024204      0.024596    -39.873143      0.004378      0.024204
0.300D+02      0.027205      0.004838     -0.022616      0.023128    -38.962567      0.004838      0.022616
0.250D+02      0.026751      0.005362     -0.021177      0.021845    -37.895305      0.005362      0.021177
0.200D+02      0.026563      0.005933     -0.019811      0.020680    -36.663749      0.005933      0.019811
0.150D+02      0.026557      0.006534     -0.018477      0.019598    -35.261821      0.006534      0.018477
0.100D+02      0.026707      0.007157     -0.017170      0.018602    -33.685988      0.007157      0.017170
0.500D+01      0.027032      0.007800     -0.015899      0.017709    -31.933565      0.007800      0.015899
0.000D+00      0.027554      0.008465     -0.014662      0.016930    -29.999998      0.008465      0.014662
0.500D+01      0.028278      0.009151     -0.013442      0.016262    -27.877322      0.009151      0.013442
0.100D+02      0.029199      0.009854     -0.012215      0.015694    -25.553868      0.009854      0.012215
0.150D+02      0.030309      0.010568     -0.010954      0.015220    -23.013544      0.010568      0.010954
0.200D+02      0.031616      0.011288     -0.009630      0.014838    -20.233826      0.011288      0.009630
0.250D+02      0.033145      0.012012     -0.008214      0.014552    -17.182732      0.012012      0.008214
0.300D+02      0.034940      0.012737     -0.006667      0.014376    -13.815154      0.012737      0.006667
0.350D+02      0.037073      0.013462     -0.004936      0.014338    -10.068387      0.013462      0.004936
0.400D+02      0.039657      0.014188     -0.002942      0.014490     -5.858062      0.014188      0.002942
0.450D+02      0.042870      0.014920     -0.000565      0.014931     -1.083581      0.014920      0.000565
0.500D+02      0.046997      0.015680      0.002387      0.015860      4.327388      0.015680      0.002387
0.550D+02      0.052496      0.016530      0.006208      0.017657     10.291597      0.016530      0.006208
0.600D+02      0.060089      0.017622      0.011357      0.020965     16.399918      0.017622      0.011357
