          25

0.600D+02      0.006497     -0.005411     -0.001785      0.005698     99.130680      0.005411      0.001785
0.550D+02      0.004904     -0.003941     -0.001189      0.004117     98.391051      0.003941      0.001189
0.500D+02      0.004853     -0.003138     -0.001292      0.003394    101.190697      0.003138      0.001292
0.450D+02      0.006636     -0.002910     -0.002068      0.003570    107.696191      0.002910      0.002068
0.400D+02      0.010544     -0.003059     -0.003421      0.004589    114.098635      0.003059      0.003421
0.350D+02      0.016532     -0.003278     -0.005101      0.006064    118.639261      0.003278      0.005101
0.300D+02      0.023923     -0.003236     -0.006699      0.007439    122.109297      0.003236      0.006699
0.250D+02      0.031356     -0.002718     -0.007754      0.008216    125.342899      0.002718      0.007754
0.200D+02      0.037100     -0.001737     -0.007937      0.008125    128.826124      0.001737      0.007937
0.150D+02      0.039645     -0.000537     -0.007189      0.007209    132.862552      0.000537      0.007189
0.100D+02      0.038288      0.000538     -0.005743      0.005769    -42.325926      0.000538      0.005743
0.500D+01      0.033411      0.001213     -0.004015      0.004194    -36.597977      0.001213      0.004015
0.000D+00      0.026312      0.001398     -0.002422      0.002797    -29.999999      0.001398      0.002422
0.500D+01      0.018673      0.001194     -0.001237      0.001719    -23.002487      0.001194      0.001237
0.100D+02      0.011944      0.000793     -0.000530      0.000954    -16.874302      0.000793      0.000530
0.150D+02      0.006943      0.000372     -0.000215      0.000430    -15.012738      0.000372      0.000215
0.200D+02      0.003789      0.000021     -0.000138      0.000140    -40.689926      0.000021      0.000138
0.250D+02      0.002127     -0.000256     -0.000161      0.000303    106.126754      0.000256      0.000161
0.300D+02      0.001448     -0.000505     -0.000199      0.000543    100.744416      0.000505      0.000199
0.350D+02      0.001329     -0.000788     -0.000208      0.000815     97.410502      0.000788      0.000208
0.400D+02      0.001537     -0.001168     -0.000166      0.001180     94.035832      0.001168      0.000166
0.450D+02      0.002013     -0.001719     -0.000035      0.001720     90.578057      0.001719      0.000035
0.500D+02      0.002828     -0.002537      0.000252      0.002550     87.166447      0.002537      0.000252
0.550D+02      0.004145     -0.003744      0.000807      0.003830     83.917850      0.003744      0.000807
0.600D+02      0.006193     -0.005482      0.001799      0.005770     80.915260      0.005482      0.001799
