          25

0.600D+02      0.005700
0.550D+02      0.004394
0.500D+02      0.004551
0.450D+02      0.006469
0.400D+02      0.010455
0.350D+02      0.016484
0.300D+02      0.023894
0.250D+02      0.031333
0.200D+02      0.037077
0.150D+02      0.039619
0.100D+02      0.038258
0.500D+01      0.033379
0.000D+00      0.026278
0.500D+01      0.018637
0.100D+02      0.011905
0.150D+02      0.006896
0.200D+02      0.003726
0.250D+02      0.002037
0.300D+02      0.001312
0.350D+02      0.001119
0.400D+02      0.001212
0.450D+02      0.001516
0.500D+02      0.002086
0.550D+02      0.003070
0.600D+02      0.004699
