          25

0.600D+02      0.117212
0.550D+02      0.106102
0.500D+02      0.098895
0.450D+02      0.095041
0.400D+02      0.094231
0.350D+02      0.096088
0.300D+02      0.099898
0.250D+02      0.104525
0.200D+02      0.108597
0.150D+02      0.110907
0.100D+02      0.110839
0.500D+01      0.108571
0.000D+00      0.104965
0.500D+01      0.101188
0.100D+02      0.098264
0.150D+02      0.096786
0.200D+02      0.096868
0.250D+02      0.098308
0.300D+02      0.100827
0.350D+02      0.104248
0.400D+02      0.108577
0.450D+02      0.114019
0.500D+02      0.120967
0.550D+02      0.130024
0.600D+02      0.142049
