          25

0.600D+02      0.195834
0.550D+02      0.171265
0.500D+02      0.153074
0.450D+02      0.139591
0.400D+02      0.129634
0.350D+02      0.122371
0.300D+02      0.117212
0.250D+02      0.113724
0.200D+02      0.111586
0.150D+02      0.110573
0.100D+02      0.110547
0.500D+01      0.111430
0.000D+00      0.113180
0.500D+01      0.115770
0.100D+02      0.119188
0.150D+02      0.123449
0.200D+02      0.128605
0.250D+02      0.134752
0.300D+02      0.142049
0.350D+02      0.150734
0.400D+02      0.161162
0.450D+02      0.173856
0.500D+02      0.189582
0.550D+02      0.209441
0.600D+02      0.234996
