          25

0.600D+02      0.010023
0.550D+02      0.006535
0.500D+02      0.004397
0.450D+02      0.003132
0.400D+02      0.002413
0.350D+02      0.002037
0.300D+02      0.001868
0.250D+02      0.001799
0.200D+02      0.001740
0.150D+02      0.001642
0.100D+02      0.001506
0.500D+01      0.001367
0.000D+00      0.001258
0.500D+01      0.001194
0.100D+02      0.001168
0.150D+02      0.001171
0.200D+02      0.001201
0.250D+02      0.001264
0.300D+02      0.001379
0.350D+02      0.001583
0.400D+02      0.001942
0.450D+02      0.002578
0.500D+02      0.003692
0.550D+02      0.005603
0.600D+02      0.008769
