          25

0.600D+02      0.012995     -0.007722     -0.003841      0.008625    103.221305      0.007722      0.003841
0.550D+02      0.008516     -0.006122     -0.002100      0.006472     99.465594      0.006122      0.002100
0.500D+02      0.005863     -0.004535     -0.001168      0.004683     97.224270      0.004535      0.001168
0.450D+02      0.004373     -0.003149     -0.000737      0.003234     96.585956      0.003149      0.000737
0.400D+02      0.003588     -0.002025     -0.000595      0.002110     98.194235      0.002025      0.000595
0.350D+02      0.003216     -0.001153     -0.000615      0.001307    104.031792      0.001153      0.000615
0.300D+02      0.003075     -0.000498     -0.000713      0.000869    117.544794      0.000498      0.000713
0.250D+02      0.003036     -0.000018     -0.000829      0.000830    134.383979      0.000018      0.000829
0.200D+02      0.003008      0.000317     -0.000924      0.000977    -35.538307      0.000317      0.000924
0.150D+02      0.002940      0.000530     -0.000985      0.001118    -30.849315      0.000530      0.000985
0.100D+02      0.002831      0.000643     -0.001024      0.001209    -28.928836      0.000643      0.001024
0.500D+01      0.002709      0.000676     -0.001063      0.001260    -28.775727      0.000676      0.001063
0.000D+00      0.002603      0.000645     -0.001117      0.001289    -29.999998      0.000645      0.001117
0.500D+01      0.002526      0.000559     -0.001186      0.001312    -32.379050      0.000559      0.001186
0.100D+02      0.002479      0.000421     -0.001266      0.001335    -35.796997      0.000421      0.001266
0.150D+02      0.002461      0.000226     -0.001348      0.001367    -40.245536      0.000226      0.001348
0.200D+02      0.002476     -0.000038     -0.001424      0.001424    134.236105      0.000038      0.001424
0.250D+02      0.002539     -0.000388     -0.001479      0.001529    127.658577      0.000388      0.001479
0.300D+02      0.002679     -0.000850     -0.001492      0.001718    120.168043      0.000850      0.001492
0.350D+02      0.002951     -0.001464     -0.001421      0.002041    112.077173      0.001464      0.001421
0.400D+02      0.003448     -0.002280     -0.001192      0.002573    103.801991      0.002280      0.001192
0.450D+02      0.004332     -0.003354     -0.000679      0.003422     95.722665      0.003354      0.000679
0.500D+02      0.005873     -0.004727      0.000320      0.004738     88.064885      0.004727      0.000320
0.550D+02      0.008487     -0.006387      0.002104      0.006724     80.881814      0.006387      0.002104
0.600D+02      0.012771     -0.008211      0.005082      0.009657     74.123080      0.008211      0.005082
