          25

0.600D+02      0.094737
0.550D+02      0.080955
0.500D+02      0.071200
0.450D+02      0.064248
0.400D+02      0.059294
0.350D+02      0.055809
0.300D+02      0.053432
0.250D+02      0.051893
0.200D+02      0.050987
0.150D+02      0.050578
0.100D+02      0.050602
0.500D+01      0.051042
0.000D+00      0.051901
0.500D+01      0.053172
0.100D+02      0.054850
0.150D+02      0.056935
0.200D+02      0.059452
0.250D+02      0.062453
0.300D+02      0.066027
0.350D+02      0.070311
0.400D+02      0.075518
0.450D+02      0.081977
0.500D+02      0.090197
0.550D+02      0.100953
0.600D+02      0.115425
