          25

0.600D+02      0.585099
0.550D+02      0.513970
0.500D+02      0.448048
0.450D+02      0.391537
0.400D+02      0.346342
0.350D+02      0.312473
0.300D+02      0.288723
0.250D+02      0.273336
0.200D+02      0.264544
0.150D+02      0.260871
0.100D+02      0.261252
0.500D+01      0.265004
0.000D+00      0.271726
0.500D+01      0.281202
0.100D+02      0.293322
0.150D+02      0.308048
0.200D+02      0.325401
0.250D+02      0.345468
0.300D+02      0.368410
0.350D+02      0.394483
0.400D+02      0.424062
0.450D+02      0.457662
0.500D+02      0.495954
0.550D+02      0.539755
0.600D+02      0.589959
