          25

0.600D+02      0.477204
0.550D+02      0.337547
0.500D+02      0.227937
0.450D+02      0.146514
0.400D+02      0.089647
0.350D+02      0.052519
0.300D+02      0.030001
0.250D+02      0.017398
0.200D+02      0.010927
0.150D+02      0.007880
0.100D+02      0.006543
0.500D+01      0.005968
0.000D+00      0.005706
0.500D+01      0.005579
0.100D+02      0.005535
0.150D+02      0.005570
0.200D+02      0.005706
0.250D+02      0.005983
0.300D+02      0.006467
0.350D+02      0.007272
0.400D+02      0.008581
0.450D+02      0.010680
0.500D+02      0.013998
0.550D+02      0.019131
0.600D+02      0.026856
