          25

0.600D+02      0.077483     -0.069281      0.000000      0.069281     90.000000      0.069281      0.000000
0.550D+02      0.104782     -0.087316      0.000000      0.087316     90.000000      0.087316      0.000000
0.500D+02      0.133943     -0.101765      0.000000      0.101765     90.000000      0.101765      0.000000
0.450D+02      0.160369     -0.109054      0.000000      0.109054     90.000000      0.109054      0.000000
0.400D+02      0.179200     -0.107227      0.000000      0.107227     90.000000      0.107227      0.000000
0.350D+02      0.186550     -0.096609      0.000000      0.096609     90.000000      0.096609      0.000000
0.300D+02      0.180638     -0.079620      0.000000      0.079620     90.000000      0.079620      0.000000
0.250D+02      0.162362     -0.059851      0.000000      0.059851     90.000000      0.059851      0.000000
0.200D+02      0.135083     -0.040855      0.000000      0.040855     90.000000      0.040855      0.000000
0.150D+02      0.103641     -0.025165      0.000000      0.025165     90.000000      0.025165      0.000000
0.100D+02      0.072981     -0.013867      0.000000      0.013867     90.000000      0.013867      0.000000
0.500D+01      0.046897     -0.006764      0.000000      0.006764     90.000000      0.006764      0.000000
0.000D+00      0.027325     -0.002891      0.000000      0.002891     90.000000      0.002891      0.000000
0.500D+01      0.014356     -0.001092     -0.000000      0.001092     90.000000      0.001092      0.000000
0.100D+02      0.006802     -0.000409     -0.000000      0.000409     90.000001      0.000409      0.000000
0.150D+02      0.002975     -0.000225     -0.000000      0.000225     90.000002      0.000225      0.000000
0.200D+02      0.001321     -0.000229     -0.000000      0.000229     90.000002      0.000229      0.000000
0.250D+02      0.000745     -0.000299     -0.000000      0.000299     90.000002      0.000299      0.000000
0.300D+02      0.000633     -0.000406     -0.000000      0.000406     90.000001      0.000406      0.000000
0.350D+02      0.000715     -0.000559     -0.000000      0.000559     90.000001      0.000559      0.000000
0.400D+02      0.000919     -0.000788     -0.000000      0.000788     90.000000      0.000788      0.000000
0.450D+02      0.001270     -0.001143     -0.000000      0.001143     90.000000      0.001143      0.000000
0.500D+02      0.001851     -0.001704      0.000000      0.001704     90.000000      0.001704      0.000000
0.550D+02      0.002792     -0.002582      0.000000      0.002582     89.999999      0.002582      0.000000
0.600D+02      0.004272     -0.003916      0.000000      0.003916     89.999999      0.003916      0.000000
