          25

0.600D+02      0.027205     -0.015169     -0.017361      0.023055    114.427442      0.015169      0.017361
0.550D+02      0.024408     -0.012216     -0.014798      0.019188    115.229548      0.012216      0.014798
0.500D+02      0.023559     -0.010098     -0.013257      0.016664    116.351342      0.010098      0.013257
0.450D+02      0.024817     -0.008663     -0.012617      0.015305    117.763789      0.008663      0.012617
0.400D+02      0.028416     -0.007692     -0.012734      0.014877    119.433858      0.007692      0.012734
0.350D+02      0.034282     -0.006874     -0.013324      0.014993    121.355749      0.006874      0.013324
0.300D+02      0.041716     -0.005875     -0.013946      0.015133    123.578785      0.005875      0.013946
0.250D+02      0.049328     -0.004477     -0.014113      0.014806    126.200952      0.004477      0.014113
0.200D+02      0.055349     -0.002692     -0.013470      0.013737    129.349309      0.002692      0.013470
0.150D+02      0.058227     -0.000764     -0.011937      0.011961    133.168289      0.000764      0.011937
0.100D+02      0.057225      0.000957     -0.009731      0.009778    -42.191099      0.000957      0.009731
0.500D+01      0.052709      0.002191     -0.007257      0.007580    -36.598749      0.002191      0.007257
0.000D+00      0.045976      0.002844     -0.004926      0.005688    -29.999998      0.002844      0.004926
0.500D+01      0.038720      0.003011     -0.003004      0.004253    -22.468004      0.003011      0.003004
0.100D+02      0.032405      0.002883     -0.001553      0.003274    -14.154983      0.002883      0.001553
0.150D+02      0.027858      0.002632     -0.000473      0.002674     -5.097893      0.002632      0.000473
0.200D+02      0.025205      0.002346      0.000401      0.002380      4.848076      0.002346      0.000401
0.250D+02      0.024093      0.002022      0.001223      0.002363     15.577114      0.002022      0.001223
0.300D+02      0.024018      0.001610      0.002095      0.002642     26.226676      0.001610      0.002095
0.350D+02      0.024571      0.001042      0.003078      0.003249     35.645966      0.001042      0.003078
0.400D+02      0.025535      0.000251      0.004218      0.004225     43.297689      0.000251      0.004218
0.450D+02      0.026880     -0.000841      0.005578      0.005641     49.285842      0.000841      0.005578
0.500D+02      0.028719     -0.002336      0.007260      0.007627     53.917195      0.002336      0.007260
0.550D+02      0.031283     -0.004379      0.009430      0.010397     57.453987      0.004379      0.009430
0.600D+02      0.034940     -0.007170      0.012346      0.014278     60.072902      0.007170      0.012346
