          25

0.600D+02      0.878688
0.550D+02      0.679449
0.500D+02      0.506952
0.450D+02      0.369427
0.400D+02      0.267832
0.350D+02      0.198193
0.300D+02      0.154025
0.250D+02      0.128326
0.200D+02      0.114935
0.150D+02      0.109190
0.100D+02      0.108015
0.500D+01      0.109639
0.000D+00      0.113180
0.500D+01      0.118261
0.100D+02      0.124750
0.150D+02      0.132632
0.200D+02      0.141954
0.250D+02      0.152824
0.300D+02      0.165421
0.350D+02      0.180030
0.400D+02      0.197084
0.450D+02      0.217240
0.500D+02      0.241468
0.550D+02      0.271182
0.600D+02      0.308411
