          25

0.600D+02      0.262045     -0.099961     -0.139513      0.171627    117.189236      0.099961      0.139513
0.550D+02      0.247883     -0.087050     -0.125324      0.152590    117.608052      0.087050      0.125324
0.500D+02      0.237860     -0.074470     -0.112682      0.135067    118.269880      0.074470      0.112682
0.450D+02      0.231505     -0.062434     -0.101412      0.119090    119.190846      0.062434      0.101412
0.400D+02      0.228371     -0.051044     -0.091301      0.104601    120.395738      0.051044      0.091301
0.350D+02      0.227987     -0.040318     -0.082103      0.091468    121.922854      0.040318      0.082103
0.300D+02      0.229771     -0.030226     -0.073540      0.079509    123.828365      0.030226      0.073540
0.250D+02      0.232991     -0.020748     -0.065334      0.068550    126.191009      0.020748      0.065334
0.200D+02      0.236833     -0.011924     -0.057257      0.058486    129.118178      0.011924      0.057257
0.150D+02      0.240577     -0.003863     -0.049174      0.049325    132.753990      0.003863      0.049174
0.100D+02      0.243775      0.003285     -0.041052      0.041183    -42.712263      0.003285      0.041052
0.500D+01      0.246361      0.009386     -0.032932      0.034243    -37.045810      0.009386      0.032932
0.000D+00      0.248599      0.014356     -0.024865      0.028711    -29.999998      0.014356      0.024865
0.500D+01      0.250925      0.018165     -0.016863      0.024786    -21.435069      0.018165      0.016863
0.100D+02      0.253745      0.020814     -0.008875      0.022627    -11.546951      0.020814      0.008875
0.150D+02      0.257303      0.022291     -0.000798      0.022305     -1.025573      0.022291      0.000798
0.200D+02      0.261664      0.022558      0.007501      0.023772      9.196746      0.022558      0.007501
0.250D+02      0.266784      0.021541      0.016165      0.026931     18.442909      0.021541      0.016165
0.300D+02      0.272618      0.019143      0.025337      0.031756     26.463439      0.019143      0.025337
0.350D+02      0.279194      0.015255      0.035172      0.038338     33.276096      0.015255      0.035172
0.400D+02      0.286653      0.009754      0.045851      0.046877     38.995102      0.009754      0.045851
0.450D+02      0.295234      0.002509      0.057595      0.057649     43.752641      0.002509      0.057595
0.500D+02      0.305260     -0.006615      0.070668      0.070977     47.673980      0.006615      0.070668
0.550D+02      0.317087     -0.017749      0.085377      0.087203     50.871866      0.017749      0.085377
0.600D+02      0.331041     -0.030997      0.102043      0.106647     53.448409      0.030997      0.102043
