          25

0.600D+02      0.019954     -0.013223     -0.004311      0.013908     99.028221      0.013223      0.004311
0.550D+02      0.014153     -0.010854     -0.002492      0.011137     96.464392      0.010854      0.002492
0.500D+02      0.010545     -0.008379     -0.001476      0.008508     94.994919      0.008379      0.001476
0.450D+02      0.008410     -0.006087     -0.000991      0.006167     94.621658      0.006087      0.000991
0.400D+02      0.007210     -0.004119     -0.000833      0.004202     95.713137      0.004119      0.000833
0.350D+02      0.006573     -0.002518     -0.000863      0.002662     99.464916      0.002518      0.000863
0.300D+02      0.006253     -0.001267     -0.000993      0.001610    109.038154      0.001267      0.000993
0.250D+02      0.006092     -0.000327     -0.001160      0.001205    127.118570      0.000327      0.001160
0.200D+02      0.005989      0.000345     -0.001330      0.001374    -37.725681      0.000345      0.001330
0.150D+02      0.005889      0.000792     -0.001487      0.001685    -30.978957      0.000792      0.001487
0.100D+02      0.005775      0.001050     -0.001635      0.001943    -28.638040      0.001050      0.001635
0.500D+01      0.005656      0.001150     -0.001780      0.002119    -28.567744      0.001150      0.001780
0.000D+00      0.005545      0.001114     -0.001930      0.002228    -29.999998      0.001114      0.001930
0.500D+01      0.005453      0.000956     -0.002084      0.002293    -32.673935      0.000956      0.002084
0.100D+02      0.005388      0.000680     -0.002238      0.002340    -36.545789      0.000680      0.002238
0.150D+02      0.005360      0.000280     -0.002385      0.002401    -41.655045      0.000280      0.002385
0.200D+02      0.005385     -0.000262     -0.002511      0.002525    132.017282      0.000262      0.002511
0.250D+02      0.005494     -0.000974     -0.002595      0.002771    124.712454      0.000974      0.002595
0.300D+02      0.005734     -0.001895     -0.002599      0.003217    116.951665      0.001895      0.002599
0.350D+02      0.006185     -0.003078     -0.002465      0.003944    109.344250      0.003078      0.002465
0.400D+02      0.006979     -0.004580     -0.002095      0.005036    102.291578      0.004580      0.002095
0.450D+02      0.008327     -0.006447     -0.001343      0.006585     95.882561      0.006447      0.001343
0.500D+02      0.010555     -0.008686      0.000003      0.008686     89.989774      0.008686      0.000003
0.550D+02      0.014135     -0.011222      0.002224      0.011441     84.395539      0.011222      0.002224
0.600D+02      0.019705     -0.013849      0.005668      0.014964     78.871118      0.013849      0.005668
