          25

0.600D+02      1.432315     -1.331631      0.000000      1.331631     90.000000      1.331631      0.000000
0.550D+02      1.010484     -0.981215      0.000000      0.981215     90.000000      0.981215      0.000000
0.500D+02      0.676975     -0.673262      0.000000      0.673262     90.000000      0.673262      0.000000
0.450D+02      0.428006     -0.427270      0.000000      0.427270     90.000000      0.427270      0.000000
0.400D+02      0.253698     -0.249074      0.000000      0.249074     90.000000      0.249074      0.000000
0.350D+02      0.139949     -0.132365      0.000000      0.132365     90.000000      0.132365      0.000000
0.300D+02      0.071263     -0.063592      0.000000      0.063592     90.000000      0.063592      0.000000
0.250D+02      0.033239     -0.027386      0.000000      0.027386     90.000000      0.027386      0.000000
0.200D+02      0.014160     -0.010518      0.000000      0.010518     90.000000      0.010518      0.000000
0.150D+02      0.005599     -0.003649      0.000000      0.003649     90.000000      0.003649      0.000000
0.100D+02      0.002214     -0.001244      0.000000      0.001244     90.000000      0.001244      0.000000
0.500D+01      0.001051     -0.000543      0.000000      0.000543     90.000000      0.000543      0.000000
0.000D+00      0.000707     -0.000390      0.000000      0.000390     90.000000      0.000390      0.000000
0.500D+01      0.000624     -0.000389     -0.000000      0.000389     90.000005      0.000389      0.000000
0.100D+02      0.000621     -0.000431     -0.000000      0.000431     90.000004      0.000431      0.000000
0.150D+02      0.000654     -0.000494     -0.000000      0.000494     90.000004      0.000494      0.000000
0.200D+02      0.000721     -0.000581     -0.000000      0.000581     90.000003      0.000581      0.000000
0.250D+02      0.000831     -0.000702     -0.000000      0.000702     90.000003      0.000702      0.000000
0.300D+02      0.001004     -0.000877     -0.000000      0.000877     90.000002      0.000877      0.000000
0.350D+02      0.001273     -0.001140     -0.000000      0.001140     90.000002      0.001140      0.000000
0.400D+02      0.001701     -0.001547     -0.000000      0.001547     90.000001      0.001547      0.000000
0.450D+02      0.002401     -0.002187     -0.000000      0.002187     90.000000      0.002187      0.000000
0.500D+02      0.003565     -0.003185      0.000000      0.003185     90.000000      0.003185      0.000000
0.550D+02      0.005501     -0.004703      0.000000      0.004703     89.999999      0.004703      0.000000
0.600D+02      0.008651     -0.006903      0.000000      0.006903     89.999999      0.006903      0.000000
