          25

0.600D+02      1.431654
0.550D+02      1.010040
0.500D+02      0.676674
0.450D+02      0.427795
0.400D+02      0.253542
0.350D+02      0.139830
0.300D+02      0.071171
0.250D+02      0.033170
0.200D+02      0.014109
0.150D+02      0.005564
0.100D+02      0.002191
0.500D+01      0.001035
0.000D+00      0.000692
0.500D+01      0.000601
0.100D+02      0.000579
0.150D+02      0.000581
0.200D+02      0.000600
0.250D+02      0.000642
0.300D+02      0.000721
0.350D+02      0.000864
0.400D+02      0.001124
0.450D+02      0.001601
0.500D+02      0.002473
0.550D+02      0.004032
0.600D+02      0.006714
