          25

0.600D+02      0.076827     -0.068558      0.000000      0.068558     90.000000      0.068558      0.000000
0.550D+02      0.101549     -0.084751      0.000000      0.084751     90.000000      0.084751      0.000000
0.500D+02      0.128416     -0.097777      0.000000      0.097777     90.000000      0.097777      0.000000
0.450D+02      0.152962     -0.104211      0.000000      0.104211     90.000000      0.104211      0.000000
0.400D+02      0.170499     -0.102155      0.000000      0.102155     90.000000      0.102155      0.000000
0.350D+02      0.177283     -0.091881      0.000000      0.091881     90.000000      0.091881      0.000000
0.300D+02      0.171583     -0.075648      0.000000      0.075648     90.000000      0.075648      0.000000
0.250D+02      0.154223     -0.056834      0.000000      0.056834     90.000000      0.056834      0.000000
0.200D+02      0.128366     -0.038787      0.000000      0.038787     90.000000      0.038787      0.000000
0.150D+02      0.098583     -0.023895      0.000000      0.023895     90.000000      0.023895      0.000000
0.100D+02      0.069547     -0.013181      0.000000      0.013181     90.000000      0.013181      0.000000
0.500D+01      0.044846     -0.006453      0.000000      0.006453     90.000000      0.006453      0.000000
0.000D+00      0.026312     -0.002797      0.000000      0.002797     90.000000      0.002797      0.000000
0.500D+01      0.014031     -0.001116     -0.000000      0.001116     90.000001      0.001116      0.000000
0.100D+02      0.006881     -0.000502     -0.000000      0.000502     90.000001      0.000502      0.000000
0.150D+02      0.003267     -0.000375     -0.000000      0.000375     90.000002      0.000375      0.000000
0.200D+02      0.001724     -0.000439     -0.000000      0.000439     90.000002      0.000439      0.000000
0.250D+02      0.001222     -0.000585     -0.000000      0.000585     90.000002      0.000585      0.000000
0.300D+02      0.001189     -0.000794     -0.000000      0.000794     90.000001      0.000794      0.000000
0.350D+02      0.001389     -0.001088     -0.000000      0.001088     90.000001      0.001088      0.000000
0.400D+02      0.001776     -0.001518     -0.000000      0.001518     90.000000      0.001518      0.000000
0.450D+02      0.002412     -0.002167     -0.000000      0.002167     90.000000      0.002167      0.000000
0.500D+02      0.003432     -0.003159      0.000000      0.003159     90.000000      0.003159      0.000000
0.550D+02      0.005034     -0.004660      0.000000      0.004660     89.999999      0.004660      0.000000
0.600D+02      0.007479     -0.006870      0.000000      0.006870     89.999999      0.006870      0.000000
