          25

0.600D+02      1.180562
0.550D+02      0.865917
0.500D+02      0.606425
0.450D+02      0.406816
0.400D+02      0.263721
0.350D+02      0.168385
0.300D+02      0.109667
0.250D+02      0.076535
0.200D+02      0.059697
0.150D+02      0.052320
0.100D+02      0.049999
0.500D+01      0.050259
0.000D+00      0.051901
0.500D+01      0.054435
0.100D+02      0.057700
0.150D+02      0.061668
0.200D+02      0.066364
0.250D+02      0.071854
0.300D+02      0.078247
0.350D+02      0.085720
0.400D+02      0.094549
0.450D+02      0.105172
0.500D+02      0.118271
0.550D+02      0.134900
0.600D+02      0.156669
