          25

0.600D+02      0.061651     -0.054160      0.000000      0.054160     90.000000      0.054160      0.000000
0.550D+02      0.069938     -0.059094      0.000000      0.059094     90.000000      0.059094      0.000000
0.500D+02      0.080919     -0.062916      0.000000      0.062916     90.000000      0.062916      0.000000
0.450D+02      0.091795     -0.063772      0.000000      0.063772     90.000000      0.063772      0.000000
0.400D+02      0.099699     -0.060589      0.000000      0.060589     90.000000      0.060589      0.000000
0.350D+02      0.102347     -0.053440      0.000000      0.053440     90.000000      0.053440      0.000000
0.300D+02      0.098606     -0.043467      0.000000      0.043467     90.000000      0.043467      0.000000
0.250D+02      0.088786     -0.032423      0.000000      0.032423     90.000000      0.032423      0.000000
0.200D+02      0.074507     -0.022058      0.000000      0.022058     90.000000      0.022058      0.000000
0.150D+02      0.058184     -0.013614      0.000000      0.013614     90.000000      0.013614      0.000000
0.100D+02      0.042312     -0.007606      0.000000      0.007606     90.000000      0.007606      0.000000
0.500D+01      0.028814     -0.003903      0.000000      0.003903     90.000000      0.003903      0.000000
0.000D+00      0.018678     -0.001991      0.000000      0.001991     90.000000      0.001991      0.000000
0.500D+01      0.011957     -0.001263     -0.000000      0.001263     90.000002      0.001263      0.000000
0.100D+02      0.008060     -0.001222     -0.000000      0.001222     90.000003      0.001222      0.000000
0.150D+02      0.006147     -0.001554     -0.000000      0.001554     90.000002      0.001554      0.000000
0.200D+02      0.005458     -0.002113     -0.000000      0.002113     90.000002      0.002113      0.000000
0.250D+02      0.005480     -0.002865     -0.000000      0.002865     90.000001      0.002865      0.000000
0.300D+02      0.005962     -0.003840     -0.000000      0.003840     90.000001      0.003840      0.000000
0.350D+02      0.006859     -0.005119     -0.000000      0.005119     90.000001      0.005119      0.000000
0.400D+02      0.008261     -0.006822     -0.000000      0.006822     90.000001      0.006822      0.000000
0.450D+02      0.010354     -0.009112     -0.000000      0.009112     90.000000      0.009112      0.000000
0.500D+02      0.013409     -0.012195      0.000000      0.012195     90.000000      0.012195      0.000000
0.550D+02      0.017778     -0.016292      0.000000      0.016292     90.000000      0.016292      0.000000
0.600D+02      0.023882     -0.021614      0.000000      0.021614     89.999999      0.021614      0.000000
