          25

0.600D+02      0.058818
0.550D+02      0.067891
0.500D+02      0.079467
0.450D+02      0.090757
0.400D+02      0.098929
0.350D+02      0.101740
0.300D+02      0.098095
0.250D+02      0.088335
0.200D+02      0.074099
0.150D+02      0.057813
0.100D+02      0.041977
0.500D+01      0.028512
0.000D+00      0.018402
0.500D+01      0.011689
0.100D+02      0.007770
0.150D+02      0.005789
0.200D+02      0.004966
0.250D+02      0.004766
0.300D+02      0.004913
0.350D+02      0.005334
0.400D+02      0.006094
0.450D+02      0.007362
0.500D+02      0.009407
0.550D+02      0.012612
0.600D+02      0.017477
