          25

0.600D+02      0.026622
0.550D+02      0.019464
0.500D+02      0.014646
0.450D+02      0.011484
0.400D+02      0.009450
0.350D+02      0.008159
0.300D+02      0.007345
0.250D+02      0.006822
0.200D+02      0.006465
0.150D+02      0.006197
0.100D+02      0.005986
0.500D+01      0.005821
0.000D+00      0.005706
0.500D+01      0.005643
0.100D+02      0.005633
0.150D+02      0.005683
0.200D+02      0.005813
0.250D+02      0.006057
0.300D+02      0.006477
0.350D+02      0.007172
0.400D+02      0.008305
0.450D+02      0.010122
0.500D+02      0.012992
0.550D+02      0.017424
0.600D+02      0.024074
