          25

0.600D+02      0.154025
0.550D+02      0.158980
0.500D+02      0.169583
0.450D+02      0.181893
0.400D+02      0.191891
0.350D+02      0.196254
0.300D+02      0.193133
0.250D+02      0.182588
0.200D+02      0.166483
0.150D+02      0.147837
0.100D+02      0.129876
0.500D+01      0.115142
0.000D+00      0.104965
0.500D+01      0.099446
0.100D+02      0.097819
0.150D+02      0.098977
0.200D+02      0.101918
0.250D+02      0.105962
0.300D+02      0.110782
0.350D+02      0.116324
0.400D+02      0.122728
0.450D+02      0.130281
0.500D+02      0.139433
0.550D+02      0.150837
0.600D+02      0.165421
