          25

0.600D+02      0.075624
0.550D+02      0.100769
0.500D+02      0.127934
0.450D+02      0.152674
0.400D+02      0.170326
0.350D+02      0.177175
0.300D+02      0.171511
0.250D+02      0.154169
0.200D+02      0.128323
0.150D+02      0.098545
0.100D+02      0.069513
0.500D+01      0.044814
0.000D+00      0.026278
0.500D+01      0.013991
0.100D+02      0.006827
0.150D+02      0.003187
0.200D+02      0.001602
0.250D+02      0.001034
0.300D+02      0.000902
0.350D+02      0.000955
0.400D+02      0.001130
0.450D+02      0.001466
0.500D+02      0.002071
0.550D+02      0.003123
0.600D+02      0.004881
