          25

0.600D+02      1.308180     -1.215097      0.000000      1.215097     90.000000      1.215097      0.000000
0.550D+02      0.922666     -0.895325      0.000000      0.895325     90.000000      0.895325      0.000000
0.500D+02      0.618209     -0.614435      0.000000      0.614435     90.000000      0.614435      0.000000
0.450D+02      0.391107     -0.390123      0.000000      0.390123     90.000000      0.390123      0.000000
0.400D+02      0.232182     -0.227642      0.000000      0.227642     90.000000      0.227642      0.000000
0.350D+02      0.128488     -0.121207      0.000000      0.121207     90.000000      0.121207      0.000000
0.300D+02      0.065860     -0.058456      0.000000      0.058456     90.000000      0.058456      0.000000
0.250D+02      0.031161     -0.025388      0.000000      0.025388     90.000000      0.025388      0.000000
0.200D+02      0.013718     -0.009956      0.000000      0.009956     90.000000      0.009956      0.000000
0.150D+02      0.005858     -0.003656      0.000000      0.003656     90.000000      0.003656      0.000000
0.100D+02      0.002720     -0.001445      0.000000      0.001445     90.000000      0.001445      0.000000
0.500D+01      0.001618     -0.000805      0.000000      0.000805     90.000000      0.000805      0.000000
0.000D+00      0.001276     -0.000683      0.000000      0.000683     90.000000      0.000683      0.000000
0.500D+01      0.001188     -0.000715     -0.000000      0.000715     90.000005      0.000715      0.000000
0.100D+02      0.001193     -0.000800     -0.000000      0.000800     90.000004      0.000800      0.000000
0.150D+02      0.001255     -0.000921     -0.000000      0.000921     90.000004      0.000921      0.000000
0.200D+02      0.001378     -0.001085     -0.000000      0.001085     90.000003      0.001085      0.000000
0.250D+02      0.001581     -0.001313     -0.000000      0.001313     90.000003      0.001313      0.000000
0.300D+02      0.001897     -0.001638     -0.000000      0.001638     90.000002      0.001638      0.000000
0.350D+02      0.002384     -0.002119     -0.000000      0.002119     90.000002      0.002119      0.000000
0.400D+02      0.003143     -0.002849     -0.000000      0.002849     90.000001      0.002849      0.000000
0.450D+02      0.004352     -0.003964     -0.000000      0.003964     90.000000      0.003964      0.000000
0.500D+02      0.006302     -0.005652      0.000000      0.005652     90.000000      0.005652      0.000000
0.550D+02      0.009440     -0.008133      0.000000      0.008133     90.000000      0.008133      0.000000
0.600D+02      0.014395     -0.011615      0.000000      0.011615     89.999999      0.011615      0.000000
