          25

0.600D+02      1.432477     -1.331777      0.000000      1.331777     90.000000      1.331777      0.000000
0.550D+02      1.010649     -0.981360      0.000000      0.981360     90.000000      0.981360      0.000000
0.500D+02      0.677144     -0.673403      0.000000      0.673403     90.000000      0.673403      0.000000
0.450D+02      0.428179     -0.427407      0.000000      0.427407     90.000000      0.427407      0.000000
0.400D+02      0.253875     -0.249204      0.000000      0.249204     90.000000      0.249204      0.000000
0.350D+02      0.140130     -0.132487      0.000000      0.132487     90.000000      0.132487      0.000000
0.300D+02      0.071450     -0.063706      0.000000      0.063706     90.000000      0.063706      0.000000
0.250D+02      0.033433     -0.027491      0.000000      0.027491     90.000000      0.027491      0.000000
0.200D+02      0.014361     -0.010613      0.000000      0.010613     90.000000      0.010613      0.000000
0.150D+02      0.005808     -0.003734      0.000000      0.003734     90.000000      0.003734      0.000000
0.100D+02      0.002432     -0.001319      0.000000      0.001319     90.000000      0.001319      0.000000
0.500D+01      0.001278     -0.000607      0.000000      0.000607     90.000000      0.000607      0.000000
0.000D+00      0.000944     -0.000444      0.000000      0.000444     90.000000      0.000444      0.000000
0.500D+01      0.000871     -0.000433     -0.000000      0.000433     90.000005      0.000433      0.000000
0.100D+02      0.000878     -0.000466     -0.000000      0.000466     90.000005      0.000466      0.000000
0.150D+02      0.000922     -0.000520     -0.000000      0.000520     90.000004      0.000520      0.000000
0.200D+02      0.000999     -0.000598     -0.000000      0.000598     90.000004      0.000598      0.000000
0.250D+02      0.001120     -0.000711     -0.000000      0.000711     90.000003      0.000711      0.000000
0.300D+02      0.001303     -0.000879     -0.000000      0.000879     90.000002      0.000879      0.000000
0.350D+02      0.001582     -0.001135     -0.000000      0.001135     90.000002      0.001135      0.000000
0.400D+02      0.002019     -0.001535     -0.000000      0.001535     90.000001      0.001535      0.000000
0.450D+02      0.002727     -0.002169     -0.000000      0.002169     90.000000      0.002169      0.000000
0.500D+02      0.003898     -0.003163      0.000000      0.003163     90.000000      0.003163      0.000000
0.550D+02      0.005839     -0.004675      0.000000      0.004675     89.999999      0.004675      0.000000
0.600D+02      0.008990     -0.006871      0.000000      0.006871     89.999999      0.006871      0.000000
