          25

0.600D+02      0.092697     -0.068220      0.000000      0.068220     90.000000      0.068220      0.000000
0.550D+02      0.101668     -0.072500      0.000000      0.072500     90.000000      0.072500      0.000000
0.500D+02      0.113287     -0.075487      0.000000      0.075487     90.000000      0.075487      0.000000
0.450D+02      0.124795     -0.075386      0.000000      0.075386     90.000000      0.075386      0.000000
0.400D+02      0.133350     -0.071164      0.000000      0.071164     90.000000      0.071164      0.000000
0.350D+02      0.136675     -0.062931      0.000000      0.062931     90.000000      0.062931      0.000000
0.300D+02      0.133642     -0.051855      0.000000      0.051855     90.000000      0.051855      0.000000
0.250D+02      0.124558     -0.039716      0.000000      0.039716     90.000000      0.039716      0.000000
0.200D+02      0.111037     -0.028283      0.000000      0.028283     90.000000      0.028283      0.000000
0.150D+02      0.095485     -0.018818      0.000000      0.018818     90.000000      0.018818      0.000000
0.100D+02      0.080388     -0.011851      0.000000      0.011851     90.000000      0.011851      0.000000
0.500D+01      0.067659     -0.007266      0.000000      0.007266     90.000000      0.007266      0.000000
0.000D+00      0.058277     -0.004561      0.000000      0.004561     90.000000      0.004561      0.000000
0.500D+01      0.052285     -0.003139     -0.000000      0.003139     90.000004      0.003139      0.000000
0.100D+02      0.049083     -0.002511     -0.000000      0.002511     90.000005      0.002511      0.000000
0.150D+02      0.047823     -0.002370     -0.000000      0.002370     90.000005      0.002370      0.000000
0.200D+02      0.047737     -0.002572     -0.000000      0.002572     90.000004      0.002572      0.000000
0.250D+02      0.048305     -0.003082     -0.000000      0.003082     90.000002      0.003082      0.000000
0.300D+02      0.049270     -0.003930     -0.000000      0.003930     90.000001      0.003930      0.000000
0.350D+02      0.050576     -0.005189     -0.000000      0.005189     90.000001      0.005189      0.000000
0.400D+02      0.052301     -0.006969     -0.000000      0.006969     90.000000      0.006969      0.000000
0.450D+02      0.054616     -0.009422      0.000000      0.009422     90.000000      0.009422      0.000000
0.500D+02      0.057763     -0.012734      0.000000      0.012734     89.999999      0.012734      0.000000
0.550D+02      0.062048     -0.017106      0.000000      0.017106     89.999999      0.017106      0.000000
0.600D+02      0.067825     -0.022725      0.000000      0.022725     89.999999      0.022725      0.000000
