          25

0.600D+02      1.056110     -0.973910      0.000000      0.973910     90.000000      0.973910      0.000000
0.550D+02      0.751571     -0.721872      0.000000      0.721872     90.000000      0.721872      0.000000
0.500D+02      0.511596     -0.500349      0.000000      0.500349     90.000000      0.500349      0.000000
0.450D+02      0.332931     -0.323227      0.000000      0.323227     90.000000      0.323227      0.000000
0.400D+02      0.208132     -0.194606      0.000000      0.194606     90.000000      0.194606      0.000000
0.350D+02      0.126890     -0.109940      0.000000      0.109940     90.000000      0.109940      0.000000
0.300D+02      0.078013     -0.059534      0.000000      0.059534     90.000000      0.059534      0.000000
0.250D+02      0.051164     -0.032421      0.000000      0.032421     90.000000      0.032421      0.000000
0.200D+02      0.037958     -0.019167      0.000000      0.019167     90.000000      0.019167      0.000000
0.150D+02      0.032378     -0.013114      0.000000      0.013114     90.000000      0.013114      0.000000
0.100D+02      0.030609     -0.010314      0.000000      0.010314     90.000000      0.010314      0.000000
0.500D+01      0.030541     -0.008795      0.000000      0.008795     90.000000      0.008795      0.000000
0.000D+00      0.031169     -0.007733      0.000000      0.007733     90.000000      0.007733      0.000000
0.500D+01      0.032093     -0.006848     -0.000000      0.006848     90.000005      0.006848      0.000000
0.100D+02      0.033180     -0.006070     -0.000000      0.006070     90.000006      0.006070      0.000000
0.150D+02      0.034401     -0.005400     -0.000000      0.005400     90.000006      0.005400      0.000000
0.200D+02      0.035761     -0.004861     -0.000000      0.004861     90.000006      0.004861      0.000000
0.250D+02      0.037281     -0.004499     -0.000000      0.004499     90.000006      0.004499      0.000000
0.300D+02      0.039003     -0.004378     -0.000000      0.004378     90.000005      0.004378      0.000000
0.350D+02      0.041005     -0.004601     -0.000000      0.004601     90.000004      0.004601      0.000000
0.400D+02      0.043424     -0.005312     -0.000000      0.005312     90.000003      0.005312      0.000000
0.450D+02      0.046492     -0.006710     -0.000000      0.006710     90.000002      0.006710      0.000000
0.500D+02      0.050580     -0.009037     -0.000000      0.009037     90.000001      0.009037      0.000000
0.550D+02      0.056233     -0.012550      0.000000      0.012550     90.000000      0.012550      0.000000
0.600D+02      0.064185     -0.017451      0.000000      0.017451     89.999999      0.017451      0.000000
