          25

0.600D+02      0.040031     -0.017268     -0.011753      0.020888    107.119906      0.017268      0.011753
0.550D+02      0.037545     -0.014013     -0.010190      0.017327    108.012472      0.014013      0.010190
0.500D+02      0.036869     -0.011510     -0.009421      0.014874    109.649254      0.011510      0.009421
0.450D+02      0.038144     -0.009686     -0.009355      0.013466    112.002098      0.009686      0.009355
0.400D+02      0.041519     -0.008358     -0.009863      0.012928    114.861805      0.008358      0.009863
0.350D+02      0.046876     -0.007242     -0.010694      0.012915    117.945883      0.007242      0.010694
0.300D+02      0.053562     -0.006038     -0.011469      0.012961    121.118031      0.006038      0.011469
0.250D+02      0.060352     -0.004548     -0.011781      0.012628    124.445820      0.004548      0.011781
0.200D+02      0.065716     -0.002780     -0.011337      0.011672    128.111512      0.002780      0.011337
0.150D+02      0.068322     -0.000943     -0.010084      0.010128    132.330072      0.000943      0.010084
0.100D+02      0.067544      0.000663     -0.008224      0.008250    -42.693877      0.000663      0.008224
0.500D+01      0.063706      0.001797     -0.006115      0.006374    -36.811019      0.001797      0.006115
0.000D+00      0.057922      0.002379     -0.004120      0.004758    -29.999998      0.002379      0.004120
0.500D+01      0.051647      0.002491     -0.002476      0.003512    -22.409263      0.002491      0.002476
0.100D+02      0.046138      0.002300     -0.001242      0.002614    -14.187808      0.002300      0.001242
0.150D+02      0.042102      0.001955     -0.000344      0.001985     -4.996733      0.001955      0.000344
0.200D+02      0.039650      0.001531      0.000352      0.001571      6.478532      0.001531      0.000352
0.250D+02      0.038483      0.001028      0.000970      0.001413     21.664240      0.001028      0.000970
0.300D+02      0.038177      0.000398      0.001588      0.001637     37.964080      0.000398      0.001588
0.350D+02      0.038388     -0.000425      0.002251      0.002291     50.351384      0.000425      0.002251
0.400D+02      0.038949     -0.001518      0.002998      0.003361     58.427710      0.001518      0.002998
0.450D+02      0.039857     -0.002974      0.003889      0.004895     63.703144      0.002974      0.003889
0.500D+02      0.041239     -0.004913      0.005025      0.007028     67.177217      0.004913      0.005025
0.550D+02      0.043304     -0.007482      0.006568      0.009956     69.361806      0.007482      0.006568
0.600D+02      0.046324     -0.010836      0.008741      0.013922     70.554241      0.010836      0.008741
