          25

0.600D+02      0.406398      0.062026     -0.259500      0.266810    -38.278654      0.062026      0.259500
0.550D+02      0.371011      0.050958     -0.241924      0.247233    -39.052605      0.050958      0.241924
0.500D+02      0.342934      0.043317     -0.225989      0.230103    -39.574664      0.043317      0.225989
0.450D+02      0.321031      0.038433     -0.211413      0.214878    -39.848282      0.038433      0.211413
0.400D+02      0.304304      0.035776     -0.197917      0.201125    -39.876846      0.035776      0.197917
0.350D+02      0.291927      0.034942     -0.185259      0.188525    -39.659489      0.034942      0.185259
0.300D+02      0.283234      0.035626     -0.173231      0.176856    -39.189444      0.035626      0.173231
0.250D+02      0.277698      0.037596     -0.161658      0.165973    -38.453832      0.037596      0.161658
0.200D+02      0.274897      0.040669     -0.150394      0.155796    -37.434060      0.040669      0.150394
0.150D+02      0.274507      0.044694     -0.139315      0.146309    -36.106537      0.044694      0.139315
0.100D+02      0.276278      0.049545     -0.128317      0.137549    -34.443886      0.049545      0.128317
0.500D+01      0.280025      0.055112     -0.117302      0.129604    -32.417191      0.055112      0.117302
0.000D+00      0.285609      0.061301     -0.106176      0.122601    -29.999999      0.061301      0.106176
0.500D+01      0.292930      0.068024     -0.094837      0.116711    -27.174695      0.068024      0.094837
0.100D+02      0.301924      0.075202     -0.083177      0.112133    -23.941269      0.075202      0.083177
0.150D+02      0.312566      0.082765     -0.071073      0.109094    -20.326914      0.082765      0.071073
0.200D+02      0.324876      0.090650     -0.058388      0.107827    -16.392787      0.090650      0.058388
0.250D+02      0.338924      0.098804     -0.044956      0.108551    -12.232779      0.098804      0.044956
0.300D+02      0.354842      0.107188     -0.030579      0.111464     -7.961322      0.107188      0.030579
0.350D+02      0.372838      0.115780     -0.015011      0.116749     -3.693538      0.115780      0.015011
0.400D+02      0.393209      0.124589      0.002058      0.124606      0.473186      0.124589      0.002058
0.450D+02      0.416366      0.133664      0.021016      0.135306      4.467623      0.133664      0.021016
0.500D+02      0.442842      0.143115      0.042346      0.149249      8.241392      0.143115      0.042346
0.550D+02      0.473285      0.153124      0.066642      0.166997     11.759754      0.153124      0.066642
0.600D+02      0.508401      0.163930      0.094611      0.189273     14.995609      0.163930      0.094611
