          25

0.600D+02      0.078947     -0.069836      0.000000      0.069836     90.000000      0.069836      0.000000
0.550D+02      0.103751     -0.085972      0.000000      0.085972     90.000000      0.085972      0.000000
0.500D+02      0.130693     -0.098925      0.000000      0.098925     90.000000      0.098925      0.000000
0.450D+02      0.155312     -0.105272      0.000000      0.105272     90.000000      0.105272      0.000000
0.400D+02      0.172921     -0.103121      0.000000      0.103121     90.000000      0.103121      0.000000
0.350D+02      0.179779     -0.092746      0.000000      0.092746     90.000000      0.092746      0.000000
0.300D+02      0.174155     -0.076410      0.000000      0.076410     90.000000      0.076410      0.000000
0.250D+02      0.156872     -0.057492      0.000000      0.057492     90.000000      0.057492      0.000000
0.200D+02      0.131093     -0.039344      0.000000      0.039344     90.000000      0.039344      0.000000
0.150D+02      0.101389     -0.024355      0.000000      0.024355     90.000000      0.024355      0.000000
0.100D+02      0.072431     -0.013549      0.000000      0.013549     90.000000      0.013549      0.000000
0.500D+01      0.047807     -0.006736      0.000000      0.006736     90.000000      0.006736      0.000000
0.000D+00      0.029347     -0.003002      0.000000      0.003002     90.000000      0.003002      0.000000
0.500D+01      0.017137     -0.001252     -0.000000      0.001252     90.000001      0.001252      0.000000
0.100D+02      0.010054     -0.000580     -0.000000      0.000580     90.000002      0.000580      0.000000
0.150D+02      0.006501     -0.000404     -0.000000      0.000404     90.000003      0.000404      0.000000
0.200D+02      0.005015     -0.000431     -0.000000      0.000431     90.000003      0.000431      0.000000
0.250D+02      0.004562     -0.000550     -0.000000      0.000550     90.000002      0.000550      0.000000
0.300D+02      0.004572     -0.000741     -0.000000      0.000741     90.000001      0.000741      0.000000
0.350D+02      0.004806     -0.001028     -0.000000      0.001028     90.000001      0.001028      0.000000
0.400D+02      0.005217     -0.001460     -0.000000      0.001460     90.000000      0.001460      0.000000
0.450D+02      0.005867     -0.002118      0.000000      0.002118     90.000000      0.002118      0.000000
0.500D+02      0.006886     -0.003124      0.000000      0.003124     90.000000      0.003124      0.000000
0.550D+02      0.008468     -0.004644      0.000000      0.004644     89.999999      0.004644      0.000000
0.600D+02      0.010867     -0.006873      0.000000      0.006873     89.999999      0.006873      0.000000
