          25

0.600D+02      0.203840      0.021820     -0.151350      0.152914    -40.898075      0.021820      0.151350
0.550D+02      0.181370      0.017648     -0.137571      0.138698    -41.344941      0.017648      0.137571
0.500D+02      0.165088      0.015518     -0.126248      0.127199    -41.496254      0.015518      0.126248
0.450D+02      0.153343      0.014772     -0.116657      0.117588    -41.391669      0.014772      0.116657
0.400D+02      0.144985      0.015000     -0.108291      0.109325    -41.056965      0.015000      0.108291
0.350D+02      0.139217      0.015951     -0.100802      0.102056    -40.503927      0.015951      0.100802
0.300D+02      0.135474      0.017466     -0.093939      0.095549    -39.733695      0.017466      0.093939
0.250D+02      0.133345      0.019432     -0.087513      0.089644    -38.740389      0.019432      0.087513
0.200D+02      0.132518      0.021764     -0.081379      0.084239    -37.513754      0.021764      0.081379
0.150D+02      0.132774      0.024391     -0.075435      0.079280    -36.040852      0.024391      0.075435
0.100D+02      0.133975      0.027260     -0.069612      0.074759    -34.307259      0.027260      0.069612
0.500D+01      0.136039      0.030327     -0.063859      0.070694    -32.298204      0.030327      0.063859
0.000D+00      0.138917      0.033557     -0.058122      0.067114    -29.999999      0.033557      0.058122
0.500D+01      0.142573      0.036917     -0.052341      0.064050    -27.401901      0.036917      0.052341
0.100D+02      0.146983      0.040378     -0.046444      0.061542    -24.498435      0.040378      0.046444
0.150D+02      0.152150      0.043914     -0.040358      0.059642    -21.291832      0.043914      0.040358
0.200D+02      0.158107      0.047503     -0.033994      0.058413    -17.794097      0.047503      0.033994
0.250D+02      0.164931      0.051131     -0.027251      0.057940    -14.027885      0.051131      0.027251
0.300D+02      0.172750      0.054791     -0.019997      0.058326    -10.025477      0.054791      0.019997
0.350D+02      0.181767      0.058485     -0.012060      0.059716     -5.825839      0.058485      0.012060
0.400D+02      0.192287      0.062235     -0.003200      0.062317     -1.471657      0.062235      0.003200
0.450D+02      0.204765      0.066095      0.006921      0.066457      2.988892      0.066095      0.006921
0.500D+02      0.219880      0.070191      0.018781      0.072660      7.489814      0.070191      0.018781
0.550D+02      0.238625      0.074768      0.033055      0.081749     11.925335      0.074768      0.033055
0.600D+02      0.262438      0.080273      0.050692      0.094939     16.136108      0.080273      0.050692
