          25

0.600D+02      0.004559     -0.002371     -0.001697      0.002915    107.795425      0.002371      0.001697
0.550D+02      0.002834     -0.001803     -0.000934      0.002030    103.692544      0.001803      0.000934
0.500D+02      0.001874     -0.001281     -0.000546      0.001392    101.540224      0.001281      0.000546
0.450D+02      0.001375     -0.000855     -0.000376      0.000934    101.878435      0.000855      0.000376
0.400D+02      0.001151     -0.000528     -0.000334      0.000624    106.148820      0.000528      0.000334
0.350D+02      0.001099     -0.000280     -0.000368      0.000463    116.357116      0.000280      0.000368
0.300D+02      0.001150     -0.000092     -0.000442      0.000451    129.145631      0.000092      0.000442
0.250D+02      0.001233      0.000052     -0.000511      0.000514    -42.120343      0.000052      0.000511
0.200D+02      0.001279      0.000153     -0.000540      0.000561    -37.075014      0.000153      0.000540
0.150D+02      0.001248      0.000214     -0.000518      0.000561    -33.757049      0.000214      0.000518
0.100D+02      0.001154      0.000239     -0.000466      0.000524    -31.408023      0.000239      0.000466
0.500D+01      0.001039      0.000238     -0.000415      0.000479    -30.074732      0.000238      0.000415
0.000D+00      0.000944      0.000222     -0.000385      0.000444    -29.999997      0.000222      0.000385
0.500D+01      0.000887      0.000196     -0.000375      0.000424    -31.185674      0.000196      0.000375
0.100D+02      0.000860      0.000162     -0.000380      0.000413    -33.453968      0.000162      0.000380
0.150D+02      0.000853      0.000116     -0.000390      0.000407    -36.756087      0.000116      0.000390
0.200D+02      0.000860      0.000053     -0.000401      0.000404    -41.265902      0.000053      0.000401
0.250D+02      0.000880     -0.000033     -0.000407      0.000408    132.711127      0.000033      0.000407
0.300D+02      0.000921     -0.000148     -0.000402      0.000428    124.890072      0.000148      0.000402
0.350D+02      0.001001     -0.000306     -0.000373      0.000482    115.301303      0.000306      0.000373
0.400D+02      0.001151     -0.000526     -0.000296      0.000604    104.669552      0.000526      0.000296
0.450D+02      0.001433     -0.000833     -0.000124      0.000842     94.242774      0.000833      0.000124
0.500D+02      0.001957     -0.001253      0.000224      0.001273     84.925024      0.001253      0.000224
0.550D+02      0.002909     -0.001798      0.000886      0.002004     76.881813      0.001798      0.000886
0.600D+02      0.004571     -0.002440      0.002064      0.003196     69.884120      0.002440      0.002064
