          25
0.600D+02      0.135474     -0.060366     -0.074786      0.096109    115.544911      0.060366      0.074786
0.550D+02      0.126577     -0.050728     -0.065545      0.082882    116.131155      0.050728      0.065545
0.500D+02      0.121333     -0.042325     -0.058198      0.071961    116.986436      0.042325      0.058198
0.450D+02      0.119285     -0.035004     -0.052348      0.062973    118.114942      0.035004      0.052348
0.400D+02      0.120166     -0.028565     -0.047668      0.055572    119.534014      0.028565      0.047668
0.350D+02      0.123618     -0.022747     -0.043799      0.049354    121.277262      0.022747      0.043799
0.300D+02      0.128930     -0.017284     -0.040316      0.043865    123.397586      0.017284      0.040316
0.250D+02      0.134961     -0.011995     -0.036788      0.038694    125.970841      0.011995      0.036788
0.200D+02      0.140330     -0.006872     -0.032891      0.033601    129.099154      0.006872      0.032891
0.150D+02      0.143824     -0.002081     -0.028505      0.028581    132.912051      0.002081      0.028505
0.100D+02      0.144815      0.002128     -0.023733      0.023828    -42.437569      0.002128      0.023733
0.500D+01      0.143473      0.005547     -0.018816      0.019617    -36.787955      0.005547      0.018816
0.000D+00      0.140654      0.008089     -0.014010      0.016178    -29.999998      0.008089      0.014010
0.500D+01      0.137514      0.009802     -0.009470      0.013629    -22.007596      0.009802      0.009470
0.100D+02      0.135074      0.010797     -0.005210      0.011988    -12.878813      0.010797      0.005210
0.150D+02      0.133918      0.011172     -0.001126      0.011229     -2.876815      0.011172      0.001126
0.200D+02      0.134155      0.010960      0.002937      0.011347      7.499725      0.010960      0.002937
0.250D+02      0.135580      0.010127      0.007131      0.012386     17.574342      0.010127      0.007131
0.300D+02      0.137905      0.008596      0.011586      0.014426     26.713869      0.008596      0.011586
0.350D+02      0.140945      0.006263      0.016421      0.017575     34.560778      0.006263      0.016421
0.400D+02      0.144689      0.003010      0.021772      0.021979     41.065040      0.003010      0.021772
0.450D+02      0.149315     -0.001318      0.027827      0.027858     46.356116      0.001318      0.027827
0.500D+02      0.155163     -0.006917      0.034852      0.035532     50.612611      0.006917      0.034852
0.550D+02      0.162741     -0.014039      0.043231      0.045453     53.995241      0.014039      0.043231
0.600D+02      0.172750     -0.023001      0.053503      0.058237     56.631495      0.023001      0.053503
