          25

0.600D+02      0.169651     -0.137736      0.000000      0.137736     90.000000      0.137736      0.000000
0.550D+02      0.176263     -0.139110      0.000000      0.139110     90.000000      0.139110      0.000000
0.500D+02      0.188502     -0.139796      0.000000      0.139796     90.000000      0.139796      0.000000
0.450D+02      0.202479     -0.137097      0.000000      0.137097     90.000000      0.137097      0.000000
0.400D+02      0.214188     -0.129286      0.000000      0.129286     90.000000      0.129286      0.000000
0.350D+02      0.220297     -0.116160      0.000000      0.116160     90.000000      0.116160      0.000000
0.300D+02      0.218939     -0.099021      0.000000      0.099021     90.000000      0.099021      0.000000
0.250D+02      0.210155     -0.080102      0.000000      0.080102     90.000000      0.080102      0.000000
0.200D+02      0.195789     -0.061756      0.000000      0.061756     90.000000      0.061756      0.000000
0.150D+02      0.178842     -0.045750      0.000000      0.045750     90.000000      0.045750      0.000000
0.100D+02      0.162522     -0.032921      0.000000      0.032921     90.000000      0.032921      0.000000
0.500D+01      0.149354     -0.023248      0.000000      0.023248     90.000000      0.023248      0.000000
0.000D+00      0.140654     -0.016178      0.000000      0.016178     90.000000      0.016178      0.000000
0.500D+01      0.136506     -0.011008     -0.000000      0.011008     90.000002      0.011008      0.000000
0.100D+02      0.136131     -0.007161     -0.000000      0.007161     90.000002      0.007161      0.000000
0.150D+02      0.138412     -0.004285     -0.000000      0.004285     90.000003      0.004285      0.000000
0.200D+02      0.142332     -0.002236     -0.000000      0.002236     90.000004      0.002236      0.000000
0.250D+02      0.147201     -0.001010     -0.000000      0.001010     90.000006      0.001010      0.000000
0.300D+02      0.152680     -0.000680     -0.000000      0.000680     90.000002      0.000680      0.000000
0.350D+02      0.158700     -0.001368      0.000000      0.001368     89.999998      0.001368      0.000000
0.400D+02      0.165379     -0.003249      0.000000      0.003249     89.999998      0.003249      0.000000
0.450D+02      0.172972     -0.006553      0.000000      0.006553     89.999998      0.006553      0.000000
0.500D+02      0.181866     -0.011590      0.000000      0.011590     89.999998      0.011590      0.000000
0.550D+02      0.192603     -0.018761      0.000000      0.018761     89.999999      0.018761      0.000000
0.600D+02      0.205925     -0.028575      0.000000      0.028575     89.999999      0.028575      0.000000
