          25

0.600D+02      0.037787     -0.010528     -0.018394      0.021194    120.107670      0.010528      0.018394
0.550D+02      0.033564     -0.008674     -0.016205      0.018380    120.920406      0.008674      0.016205
0.500D+02      0.031108     -0.006735     -0.014699      0.016168    122.691532      0.006735      0.014699
0.450D+02      0.029799     -0.004917     -0.013606      0.014467    125.064837      0.004917      0.013606
0.400D+02      0.029210     -0.003301     -0.012744      0.013165    127.739724      0.003301      0.012744
0.350D+02      0.029067     -0.001892     -0.012004      0.012152    130.520806      0.001892      0.012004
0.300D+02      0.029195     -0.000669     -0.011314      0.011334    133.307962      0.000669      0.011314
0.250D+02      0.029469      0.000395     -0.010623      0.010630    -43.934796      0.000395      0.010623
0.200D+02      0.029796      0.001320     -0.009895      0.009983    -41.202049      0.001320      0.009895
0.150D+02      0.030124      0.002118     -0.009122      0.009365    -38.465833      0.002118      0.009122
0.100D+02      0.030448      0.002800     -0.008318      0.008777    -35.696318      0.002800      0.008318
0.500D+01      0.030788      0.003380     -0.007505      0.008231    -32.875967      0.003380      0.007505
0.000D+00      0.031169      0.003866     -0.006697      0.007733    -29.999998      0.003866      0.006697
0.500D+01      0.031600      0.004262     -0.005896      0.007275    -27.067328      0.004262      0.005896
0.100D+02      0.032075      0.004565     -0.005095      0.006841    -24.070311      0.004565      0.005095
0.150D+02      0.032588      0.004765     -0.004286      0.006409    -20.984537      0.004765      0.004286
0.200D+02      0.033137      0.004851     -0.003460      0.005958    -17.751549      0.004851      0.003460
0.250D+02      0.033732      0.004803     -0.002605      0.005464    -14.239715      0.004803      0.002605
0.300D+02      0.034396      0.004595     -0.001700      0.004900    -10.149095      0.004595      0.001700
0.350D+02      0.035173      0.004192     -0.000704      0.004250     -4.765910      0.004192      0.000704
0.400D+02      0.036143      0.003544      0.000452      0.003573      3.633620      0.003544      0.000452
0.450D+02      0.037452      0.002602      0.001887      0.003214     17.976984      0.002602      0.001887
0.500D+02      0.039338      0.001328      0.003794      0.004019     35.356805      0.001328      0.003794
0.550D+02      0.042173     -0.000263      0.006459      0.006464     46.167447      0.000263      0.006459
0.600D+02      0.046487     -0.002053      0.010269      0.010473     50.652995      0.002053      0.010269
