          25

0.600D+02      0.099517     -0.079219      0.000000      0.079219     90.000000      0.079219      0.000000
0.550D+02      0.119523     -0.090974      0.000000      0.090974     90.000000      0.090974      0.000000
0.500D+02      0.142008     -0.100159      0.000000      0.100159     90.000000      0.100159      0.000000
0.450D+02      0.162958     -0.103816      0.000000      0.103816     90.000000      0.103816      0.000000
0.400D+02      0.178183     -0.100288      0.000000      0.100288     90.000000      0.100288      0.000000
0.350D+02      0.184335     -0.089790      0.000000      0.089790     90.000000      0.089790      0.000000
0.300D+02      0.179836     -0.074260      0.000000      0.074260     90.000000      0.074260      0.000000
0.250D+02      0.165344     -0.056612      0.000000      0.056612     90.000000      0.056612      0.000000
0.200D+02      0.143562     -0.039742      0.000000      0.039742     90.000000      0.039742      0.000000
0.150D+02      0.118425     -0.025716      0.000000      0.025716     90.000000      0.025716      0.000000
0.100D+02      0.093962     -0.015423      0.000000      0.015423     90.000000      0.015423      0.000000
0.500D+01      0.073268     -0.008699      0.000000      0.008699     90.000000      0.008699      0.000000
0.000D+00      0.057922     -0.004758      0.000000      0.004758     90.000000      0.004758      0.000000
0.500D+01      0.047992     -0.002654     -0.000000      0.002654     90.000004      0.002654      0.000000
0.100D+02      0.042500     -0.001605     -0.000000      0.001605     90.000005      0.001605      0.000000
0.150D+02      0.040065     -0.001116     -0.000000      0.001116     90.000006      0.001116      0.000000
0.200D+02      0.039420     -0.000937     -0.000000      0.000937     90.000006      0.000937      0.000000
0.250D+02      0.039679     -0.000984     -0.000000      0.000984     90.000003      0.000984      0.000000
0.300D+02      0.040362     -0.001256     -0.000000      0.001256     90.000001      0.001256      0.000000
0.350D+02      0.041285     -0.001794      0.000000      0.001794     90.000000      0.001794      0.000000
0.400D+02      0.042443     -0.002678      0.000000      0.002678     89.999999      0.002678      0.000000
0.450D+02      0.043939     -0.004028      0.000000      0.004028     89.999999      0.004028      0.000000
0.500D+02      0.045951     -0.006014      0.000000      0.006014     89.999998      0.006014      0.000000
0.550D+02      0.048719     -0.008850      0.000000      0.008850     89.999998      0.008850      0.000000
0.600D+02      0.052536     -0.012775      0.000000      0.012775     89.999998      0.012775      0.000000
