          25

0.600D+02      0.283880     -0.191485      0.000000      0.191485     90.000000      0.191485      0.000000
0.550D+02      0.273000     -0.183221      0.000000      0.183221     90.000000      0.183221      0.000000
0.500D+02      0.268555     -0.174228      0.000000      0.174228     90.000000      0.174228      0.000000
0.450D+02      0.268649     -0.163712      0.000000      0.163712     90.000000      0.163712      0.000000
0.400D+02      0.271126     -0.151033      0.000000      0.151033     90.000000      0.151033      0.000000
0.350D+02      0.273987     -0.136072      0.000000      0.136072     90.000000      0.136072      0.000000
0.300D+02      0.275822     -0.119331      0.000000      0.119331     90.000000      0.119331      0.000000
0.250D+02      0.276080     -0.101769      0.000000      0.101769     90.000000      0.101769      0.000000
0.200D+02      0.275089     -0.084474      0.000000      0.084474     90.000000      0.084474      0.000000
0.150D+02      0.273804     -0.068345      0.000000      0.068345     90.000000      0.068345      0.000000
0.100D+02      0.273391     -0.053905      0.000000      0.053905     90.000000      0.053905      0.000000
0.500D+01      0.274808     -0.041308      0.000000      0.041308     90.000000      0.041308      0.000000
0.000D+00      0.278539     -0.030463      0.000000      0.030463     90.000000      0.030463      0.000000
0.500D+01      0.284557     -0.021200     -0.000000      0.021200     90.000002      0.021200      0.000000
0.100D+02      0.292473     -0.013392     -0.000000      0.013392     90.000003      0.013392      0.000000
0.150D+02      0.301759     -0.007007     -0.000000      0.007007     90.000004      0.007007      0.000000
0.200D+02      0.311947     -0.002104     -0.000000      0.002104     90.000008      0.002104      0.000000
0.250D+02      0.322727      0.001191     -0.000000      0.001191     -0.000005      0.001191      0.000000
0.300D+02      0.333967      0.002709      0.000000      0.002709      0.000002      0.002709      0.000000
0.350D+02      0.345672      0.002248      0.000000      0.002248      0.000008      0.002248      0.000000
0.400D+02      0.357946     -0.000423      0.000000      0.000423     89.999928      0.000423      0.000000
0.450D+02      0.370963     -0.005568      0.000000      0.005568     89.999992      0.005568      0.000000
0.500D+02      0.384938     -0.013480      0.000000      0.013480     89.999995      0.013480      0.000000
0.550D+02      0.400092     -0.024468      0.000000      0.024468     89.999997      0.024468      0.000000
0.600D+02      0.416569     -0.038849      0.000000      0.038849     89.999997      0.038849      0.000000
