          25

0.600D+02      0.009533     -0.004480     -0.003945      0.005969    110.680523      0.004480      0.003945
0.550D+02      0.006779     -0.003509     -0.002725      0.004443    108.918779      0.003509      0.002725
0.500D+02      0.005212     -0.002577     -0.002059      0.003299    109.315972      0.002577      0.002059
0.450D+02      0.004381     -0.001783     -0.001722      0.002479    111.996831      0.001783      0.001722
0.400D+02      0.003988     -0.001146     -0.001570      0.001944    116.933085      0.001146      0.001570
0.350D+02      0.003858     -0.000647     -0.001523      0.001655    123.497608      0.000647      0.001523
0.300D+02      0.003880     -0.000256     -0.001526      0.001548    130.240594      0.000256      0.001526
0.250D+02      0.003961      0.000048     -0.001531      0.001532    -44.094451      0.000048      0.001531
0.200D+02      0.004024      0.000279     -0.001499      0.001525    -39.723865      0.000279      0.001499
0.150D+02      0.004026      0.000444     -0.001421      0.001489    -36.319017      0.000444      0.001421
0.100D+02      0.003973      0.000552     -0.001314      0.001425    -33.605569      0.000552      0.001314
0.500D+01      0.003904      0.000615     -0.001207      0.001355    -31.498163      0.000615      0.001207
0.000D+00      0.003855      0.000645     -0.001117      0.001290    -29.999999      0.000645      0.001117
0.500D+01      0.003840      0.000649     -0.001047      0.001231    -29.108431      0.000649      0.001047
0.100D+02      0.003857      0.000626     -0.000988      0.001170    -28.827212      0.000626      0.000988
0.150D+02      0.003895      0.000573     -0.000934      0.001095    -29.238760      0.000573      0.000934
0.200D+02      0.003952      0.000482     -0.000876      0.001000    -30.588480      0.000482      0.000876
0.250D+02      0.004031      0.000345     -0.000810      0.000880    -33.452713      0.000345      0.000810
0.300D+02      0.004149      0.000147     -0.000721      0.000736    -39.241659      0.000147      0.000721
0.350D+02      0.004333     -0.000134     -0.000589      0.000604    128.567974      0.000134      0.000589
0.400D+02      0.004637     -0.000530     -0.000370      0.000647    107.475885      0.000530      0.000370
0.450D+02      0.005161     -0.001078      0.000010      0.001078     89.727334      0.001078      0.000010
0.500D+02      0.006075     -0.001815      0.000684      0.001940     79.671278      0.001815      0.000684
0.550D+02      0.007659     -0.002751      0.001859      0.003320     72.970658      0.002751      0.001859
0.600D+02      0.010329     -0.003827      0.003834      0.005417     67.476144      0.003827      0.003834
