          25

0.600D+02      1.352274     -1.237800      0.000000      1.237800     90.000000      1.237800      0.000000
0.550D+02      0.972555     -0.930136      0.000000      0.930136     90.000000      0.930136      0.000000
0.500D+02      0.665675     -0.652062      0.000000      0.652062     90.000000      0.652062      0.000000
0.450D+02      0.433022     -0.425896      0.000000      0.425896     90.000000      0.425896      0.000000
0.400D+02      0.268194     -0.259891      0.000000      0.259891     90.000000      0.259891      0.000000
0.350D+02      0.159563     -0.149920      0.000000      0.149920     90.000000      0.149920      0.000000
0.300D+02      0.093396     -0.084276      0.000000      0.084276     90.000000      0.084276      0.000000
0.250D+02      0.056511     -0.049011      0.000000      0.049011     90.000000      0.049011      0.000000
0.200D+02      0.037990     -0.031872      0.000000      0.031872     90.000000      0.031872      0.000000
0.150D+02      0.029889     -0.024119      0.000000      0.024119     90.000000      0.024119      0.000000
0.100D+02      0.027130     -0.020538      0.000000      0.020538     90.000000      0.020538      0.000000
0.500D+01      0.026881     -0.018522      0.000000      0.018522     90.000000      0.018522      0.000000
0.000D+00      0.027785     -0.016983      0.000000      0.016983     90.000000      0.016983      0.000000
0.500D+01      0.029295     -0.015555     -0.000000      0.015555     90.000001      0.015555      0.000000
0.100D+02      0.031232     -0.014146     -0.000000      0.014146     90.000001      0.014146      0.000000
0.150D+02      0.033558     -0.012752     -0.000000      0.012752     90.000002      0.012752      0.000000
0.200D+02      0.036287     -0.011392     -0.000000      0.011392     90.000002      0.011392      0.000000
0.250D+02      0.039456     -0.010095     -0.000000      0.010095     90.000002      0.010095      0.000000
0.300D+02      0.043134     -0.008905     -0.000000      0.008905     90.000002      0.008905      0.000000
0.350D+02      0.047429     -0.007883     -0.000000      0.007883     90.000002      0.007883      0.000000
0.400D+02      0.052512     -0.007116     -0.000000      0.007116     90.000002      0.007116      0.000000
0.450D+02      0.058663     -0.006730     -0.000000      0.006730     90.000002      0.006730      0.000000
0.500D+02      0.066323     -0.006900     -0.000000      0.006900     90.000002      0.006900      0.000000
0.550D+02      0.076188     -0.007852     -0.000000      0.007852     90.000001      0.007852      0.000000
0.600D+02      0.089335     -0.009849     -0.000000      0.009849     90.000001      0.009849      0.000000
