          25

0.600D+02      0.110637     -0.099139      0.000000      0.099139     90.000000      0.099139      0.000000
0.550D+02      0.128096     -0.109055      0.000000      0.109055     90.000000      0.109055      0.000000
0.500D+02      0.149548     -0.117168      0.000000      0.117168     90.000000      0.117168      0.000000
0.450D+02      0.170492     -0.120066      0.000000      0.120066     90.000000      0.120066      0.000000
0.400D+02      0.186281     -0.115728      0.000000      0.115728     90.000000      0.115728      0.000000
0.350D+02      0.193150     -0.104147      0.000000      0.104147     90.000000      0.104147      0.000000
0.300D+02      0.189193     -0.087203      0.000000      0.087203     90.000000      0.087203      0.000000
0.250D+02      0.174896     -0.067887      0.000000      0.067887     90.000000      0.067887      0.000000
0.200D+02      0.152962     -0.049247      0.000000      0.049247     90.000000      0.049247      0.000000
0.150D+02      0.127466     -0.033501      0.000000      0.033501     90.000000      0.033501      0.000000
0.100D+02      0.102652     -0.021640      0.000000      0.021640     90.000000      0.021640      0.000000
0.500D+01      0.081811     -0.013546      0.000000      0.013546     90.000000      0.013546      0.000000
0.000D+00      0.066645     -0.008423      0.000000      0.008423     90.000000      0.008423      0.000000
0.500D+01      0.057257     -0.005302     -0.000000      0.005302     90.000001      0.005302      0.000000
0.100D+02      0.052639     -0.003380     -0.000000      0.003380     90.000001      0.003380      0.000000
0.150D+02      0.051344     -0.002146     -0.000000      0.002146     90.000002      0.002146      0.000000
0.200D+02      0.052048     -0.001361     -0.000000      0.001361     90.000003      0.001361      0.000000
0.250D+02      0.053833     -0.000951     -0.000000      0.000951     90.000003      0.000951      0.000000
0.300D+02      0.056213     -0.000937     -0.000000      0.000937     90.000002      0.000937      0.000000
0.350D+02      0.059024     -0.001384     -0.000000      0.001384     90.000001      0.001384      0.000000
0.400D+02      0.062307     -0.002396     -0.000000      0.002396     90.000000      0.002396      0.000000
0.450D+02      0.066232     -0.004128      0.000000      0.004128     90.000000      0.004128      0.000000
0.500D+02      0.071093     -0.006797      0.000000      0.006797     90.000000      0.006797      0.000000
0.550D+02      0.077327     -0.010709      0.000000      0.010709     89.999999      0.010709      0.000000
0.600D+02      0.085576     -0.016280      0.000000      0.016280     89.999999      0.016280      0.000000
