          25

0.600D+02      1.181450     -1.057119      0.000000      1.057119     90.000000      1.057119      0.000000
0.550D+02      0.866440     -0.810550      0.000000      0.810550     90.000000      0.810550      0.000000
0.500D+02      0.606790     -0.581281      0.000000      0.581281     90.000000      0.581281      0.000000
0.450D+02      0.407181     -0.391424      0.000000      0.391424     90.000000      0.391424      0.000000
0.400D+02      0.264204     -0.250206      0.000000      0.250206     90.000000      0.250206      0.000000
0.350D+02      0.169077     -0.155525      0.000000      0.155525     90.000000      0.155525      0.000000
0.300D+02      0.110637     -0.098188      0.000000      0.098188     90.000000      0.098188      0.000000
0.250D+02      0.077838     -0.066654      0.000000      0.066654     90.000000      0.066654      0.000000
0.200D+02      0.061381     -0.050582      0.000000      0.050582     90.000000      0.050582      0.000000
0.150D+02      0.054427     -0.042513      0.000000      0.042513     90.000000      0.042513      0.000000
0.100D+02      0.052566     -0.037977      0.000000      0.037977     90.000000      0.037977      0.000000
0.500D+01      0.053319     -0.034729      0.000000      0.034729     90.000000      0.034729      0.000000
0.000D+00      0.055485     -0.031840      0.000000      0.031840     90.000000      0.031840      0.000000
0.500D+01      0.058573     -0.029002     -0.000000      0.029002     90.000001      0.029002      0.000000
0.100D+02      0.062420     -0.026152     -0.000000      0.026152     90.000001      0.026152      0.000000
0.150D+02      0.066997     -0.023305     -0.000000      0.023305     90.000002      0.023305      0.000000
0.200D+02      0.072330     -0.020501     -0.000000      0.020501     90.000002      0.020501      0.000000
0.250D+02      0.078485     -0.017798     -0.000000      0.017798     90.000002      0.017798      0.000000
0.300D+02      0.085576     -0.015270     -0.000000      0.015270     90.000002      0.015270      0.000000
0.350D+02      0.093784     -0.013021     -0.000000      0.013021     90.000002      0.013021      0.000000
0.400D+02      0.103394     -0.011192     -0.000000      0.011192     90.000003      0.011192      0.000000
0.450D+02      0.114853     -0.009974     -0.000000      0.009974     90.000003      0.009974      0.000000
0.500D+02      0.128853     -0.009617     -0.000000      0.009617     90.000002      0.009617      0.000000
0.550D+02      0.146453     -0.010418     -0.000000      0.010418     90.000002      0.010418      0.000000
0.600D+02      0.169254     -0.012698     -0.000000      0.012698     90.000001      0.012698      0.000000
