          25

0.600D+02      0.591620     -0.288627      0.000000      0.288627     90.000000      0.288627      0.000000
0.550D+02      0.515680     -0.280649      0.000000      0.280649     90.000000      0.280649      0.000000
0.500D+02      0.446274     -0.262080      0.000000      0.262080     90.000000      0.262080      0.000000
0.450D+02      0.387477     -0.239974      0.000000      0.239974     90.000000      0.239974      0.000000
0.400D+02      0.341075     -0.219177      0.000000      0.219177     90.000000      0.219177      0.000000
0.350D+02      0.306976     -0.201899      0.000000      0.201899     90.000000      0.201899      0.000000
0.300D+02      0.283880     -0.188235      0.000000      0.188235     90.000000      0.188235      0.000000
0.250D+02      0.269959     -0.177102      0.000000      0.177102     90.000000      0.177102      0.000000
0.200D+02      0.263375     -0.167127      0.000000      0.167127     90.000000      0.167127      0.000000
0.150D+02      0.262592     -0.157190      0.000000      0.157190     90.000000      0.157190      0.000000
0.100D+02      0.266484     -0.146610      0.000000      0.146610     90.000000      0.146610      0.000000
0.500D+01      0.274310     -0.135093      0.000000      0.135093     90.000000      0.135093      0.000000
0.000D+00      0.285609     -0.122601      0.000000      0.122601     90.000000      0.122601      0.000000
0.500D+01      0.300103     -0.109228     -0.000000      0.109228     90.000002      0.109228      0.000000
0.100D+02      0.317617     -0.095128     -0.000000      0.095128     90.000002      0.095128      0.000000
0.150D+02      0.338043     -0.080493     -0.000000      0.080493     90.000002      0.080493      0.000000
0.200D+02      0.361329     -0.065532     -0.000000      0.065532     90.000002      0.065532      0.000000
0.250D+02      0.387480     -0.050482     -0.000000      0.050482     90.000003      0.050482      0.000000
0.300D+02      0.416569     -0.035603     -0.000000      0.035603     90.000004      0.035603      0.000000
0.350D+02      0.448752     -0.021181     -0.000000      0.021181     90.000005      0.021181      0.000000
0.400D+02      0.484288     -0.007528     -0.000000      0.007528     90.000011      0.007528      0.000000
0.450D+02      0.523561      0.005027     -0.000000      0.005027     -0.000012      0.005027      0.000000
0.500D+02      0.567084      0.016144     -0.000000      0.016144     -0.000002      0.016144      0.000000
0.550D+02      0.615480      0.025481     -0.000000      0.025481     -0.000000      0.025481      0.000000
0.600D+02      0.669406      0.032669      0.000000      0.032669      0.000001      0.032669      0.000000
