          25

0.600D+02      0.054334     -0.025098     -0.012764      0.028157    103.478449      0.025098      0.012764
0.550D+02      0.049793     -0.020381     -0.010687      0.023013    103.834610      0.020381      0.010687
0.500D+02      0.047336     -0.016404     -0.009447      0.018930    104.969057      0.016404      0.009447
0.450D+02      0.046827     -0.013161     -0.008895      0.015885    107.025927      0.013161      0.008895
0.400D+02      0.048158     -0.010540     -0.008864      0.013772    110.031664      0.010540      0.008864
0.350D+02      0.051090     -0.008344     -0.009136      0.012373    113.797610      0.008344      0.009136
0.300D+02      0.055089     -0.006352     -0.009432      0.011371    118.019522      0.006352      0.009432
0.250D+02      0.059301     -0.004411     -0.009466      0.010444    122.506975      0.004411      0.009466
0.200D+02      0.062706     -0.002499     -0.009042      0.009381    127.275208      0.002499      0.009042
0.150D+02      0.064432     -0.000724     -0.008116      0.008148    132.449917      0.000724      0.008116
0.100D+02      0.064062      0.000741     -0.006810      0.006850    -41.897004      0.000741      0.006810
0.500D+01      0.061781      0.001756     -0.005346      0.005627    -35.906621      0.001756      0.005346
0.000D+00      0.058277      0.002280     -0.003950      0.004561    -29.999998      0.002280      0.003950
0.500D+01      0.054455      0.002368     -0.002768      0.003643    -24.726618      0.002368      0.002768
0.100D+02      0.051105      0.002124     -0.001840      0.002810    -20.451466      0.002124      0.001840
0.150D+02      0.048680      0.001637     -0.001116      0.001981    -17.134987      0.001637      0.001116
0.200D+02      0.047269      0.000948     -0.000508      0.001076    -14.100307      0.000948      0.000508
0.250D+02      0.046713      0.000042      0.000065      0.000077     28.678772      0.000042      0.000065
0.300D+02      0.046788     -0.001134      0.000668      0.001316     74.756284      0.001134      0.000668
0.350D+02      0.047340     -0.002653      0.001350      0.002977     76.511706      0.002653      0.001350
0.400D+02      0.048344     -0.004606      0.002173      0.005093     77.369122      0.004606      0.002173
0.450D+02      0.049906     -0.007100      0.003227      0.007799     77.778793      0.007100      0.003227
0.500D+02      0.052241     -0.010261      0.004650      0.011266     77.810124      0.010261      0.004650
0.550D+02      0.055644     -0.014213      0.006637      0.015686     77.484681      0.014213      0.006637
0.600D+02      0.060466     -0.019052      0.009434      0.021260     76.828419      0.019052      0.009434
