          25

0.600D+02      0.008875     -0.006109     -0.002630      0.006651    101.647651      0.006109      0.002630
0.550D+02      0.007360     -0.004583     -0.001998      0.004999    101.776365      0.004583      0.001998
0.500D+02      0.007377     -0.003713     -0.002058      0.004245    104.497032      0.003713      0.002058
0.450D+02      0.009223     -0.003410     -0.002783      0.004402    109.609703      0.003410      0.002783
0.400D+02      0.013188     -0.003480     -0.004083      0.005365    114.778351      0.003480      0.004083
0.350D+02      0.019232     -0.003619     -0.005707      0.006758    118.810924      0.003619      0.005707
0.300D+02      0.026678     -0.003497     -0.007246      0.008046    122.118014      0.003497      0.007246
0.250D+02      0.034164     -0.002903     -0.008242      0.008738    125.298703      0.002903      0.008242
0.200D+02      0.039959     -0.001851     -0.008364      0.008566    128.761213      0.001851      0.008364
0.150D+02      0.042553     -0.000585     -0.007554      0.007577    132.786382      0.000585      0.007554
0.100D+02      0.041242      0.000549     -0.006047      0.006072    -42.407537      0.000549      0.006047
0.500D+01      0.036407      0.001274     -0.004256      0.004443    -36.668248      0.001274      0.004256
0.000D+00      0.029347      0.001501     -0.002600      0.003002    -30.000000      0.001501      0.002600
0.500D+01      0.021742      0.001328     -0.001351      0.001895    -22.741837      0.001328      0.001351
0.100D+02      0.015043      0.000949     -0.000581      0.001113    -15.723111      0.000949      0.000581
0.150D+02      0.010066      0.000540     -0.000201      0.000576    -10.234229      0.000540      0.000201
0.200D+02      0.006930      0.000190     -0.000060      0.000200     -8.801395      0.000190      0.000060
0.250D+02      0.005281     -0.000094     -0.000020      0.000096     95.876573      0.000094      0.000020
0.300D+02      0.004608     -0.000360      0.000007      0.000360     89.433237      0.000360      0.000007
0.350D+02      0.004490     -0.000667      0.000061      0.000669     87.387471      0.000667      0.000061
0.400D+02      0.004691     -0.001078      0.000166      0.001090     85.615764      0.001078      0.000166
0.450D+02      0.005151     -0.001665      0.000358      0.001703     83.931186      0.001665      0.000358
0.500D+02      0.005941     -0.002521      0.000703      0.002617     82.212095      0.002521      0.000703
0.550D+02      0.007218     -0.003767      0.001312      0.003989     80.396976      0.003767      0.001312
0.600D+02      0.009205     -0.005543      0.002353      0.006021     78.499281      0.005543      0.002353
