          25

0.600D+02      0.090487      0.008981     -0.073418      0.073965    -41.512733      0.008981      0.073418
0.550D+02      0.077990      0.007585     -0.065346      0.065785    -41.689650      0.007585      0.065346
0.500D+02      0.069325      0.007070     -0.059122      0.059544    -41.590510      0.007070      0.059122
0.450D+02      0.063298      0.007086     -0.054133      0.054595    -41.271233      0.007086      0.054133
0.400D+02      0.059135      0.007446     -0.049983      0.050535    -40.763615      0.007446      0.049983
0.350D+02      0.056337      0.008051     -0.046420      0.047113    -40.079983      0.008051      0.046420
0.300D+02      0.054562      0.008848     -0.043266      0.044161    -39.220906      0.008848      0.043266
0.250D+02      0.053559      0.009798     -0.040383      0.041554    -38.181071      0.009798      0.040383
0.200D+02      0.053133      0.010868     -0.037666      0.039203    -36.952801      0.010868      0.037666
0.150D+02      0.053153      0.012030     -0.035050      0.037058    -35.528081      0.012030      0.035050
0.100D+02      0.053558      0.013266     -0.032506      0.035109    -33.899368      0.013266      0.032506
0.500D+01      0.054335      0.014565     -0.030021      0.033367    -32.059304      0.014565      0.030021
0.000D+00      0.055485      0.015920     -0.027574      0.031840    -29.999999      0.015920      0.027574
0.500D+01      0.057004      0.017322     -0.025134      0.030525    -27.712648      0.017322      0.025134
0.100D+02      0.058883      0.018763     -0.022661      0.029421    -25.187425      0.018763      0.022661
0.150D+02      0.061121      0.020232     -0.020110      0.028527    -22.413121      0.020232      0.020110
0.200D+02      0.063739      0.021722     -0.017435      0.027854    -19.376247      0.021722      0.017435
0.250D+02      0.066784      0.023226     -0.014581      0.027424    -16.059696      0.023226      0.014581
0.300D+02      0.070338      0.024743     -0.011476      0.027275    -12.441179      0.024743      0.011476
0.350D+02      0.074525      0.026273     -0.008024      0.027471     -8.491773      0.026273      0.008024
0.400D+02      0.079540      0.027821     -0.004085      0.028119     -4.176532      0.027821      0.004085
0.450D+02      0.085685      0.029408      0.000550      0.029413      0.535296      0.029408      0.000550
0.500D+02      0.093431      0.031089      0.006194      0.031700      5.633830      0.031089      0.006194
0.550D+02      0.103503      0.032994      0.013322      0.035582     10.993708      0.032994      0.013322
0.600D+02      0.117023      0.035400      0.022644      0.042023     16.302456      0.035400      0.022644
