          25

0.600D+02      0.283234     -0.103151     -0.143654      0.176852    117.159917      0.103151      0.143654
0.550D+02      0.270331     -0.090264     -0.129665      0.157989    117.578461      0.090264      0.129665
0.500D+02      0.261422     -0.077552     -0.117095      0.140448    118.241844      0.077552      0.117095
0.450D+02      0.256060     -0.065254     -0.105789      0.124296    119.166152      0.065254      0.105789
0.400D+02      0.253821     -0.053507     -0.095553      0.109514    120.376171      0.053507      0.095553
0.350D+02      0.254251     -0.042356     -0.086156      0.096004    121.910185      0.042356      0.086156
0.300D+02      0.256774     -0.031799     -0.077335      0.083617    123.824233      0.031799      0.077335
0.250D+02      0.260664     -0.021841     -0.068823      0.072206    126.196694      0.021841      0.068823
0.200D+02      0.265108     -0.012543     -0.060402      0.061690    129.134181      0.012543      0.060402
0.150D+02      0.269383     -0.004035     -0.051942      0.052099    132.779194      0.004035      0.051942
0.100D+02      0.273039      0.003521     -0.043421      0.043563    -42.682251      0.003521      0.043421
0.500D+01      0.276004      0.009974     -0.034882      0.036280    -37.021351      0.009974      0.034882
0.000D+00      0.278539      0.015232     -0.026382      0.030463    -29.999998      0.015232      0.026382
0.500D+01      0.281071      0.019257     -0.017938      0.026317    -21.484433      0.019257      0.017938
0.100D+02      0.284001      0.022044     -0.009504      0.024006    -11.661361      0.022044      0.009504
0.150D+02      0.287568      0.023582     -0.000981      0.023602     -1.191362      0.023582      0.000981
0.200D+02      0.291827      0.023831      0.007759      0.025062      9.017080      0.023831      0.007759
0.250D+02      0.296727      0.022723      0.016852      0.028290     18.281006      0.022723      0.016852
0.300D+02      0.302212      0.020168      0.026436      0.033251     26.329884      0.020168      0.026436
0.350D+02      0.308299      0.016066      0.036658      0.040024     33.166737      0.016066      0.036658
0.400D+02      0.315111      0.010308      0.047688      0.048790     38.901699      0.010308      0.047688
0.450D+02      0.322869      0.002777      0.059737      0.059802     43.668985      0.002777      0.059737
0.500D+02      0.331867     -0.006642      0.073056      0.073357     47.597603      0.006642      0.073056
0.550D+02      0.342428     -0.018061      0.087933      0.089769     50.803548      0.018061      0.087933
0.600D+02      0.354842     -0.031567      0.104674      0.109330     53.391035      0.031567      0.104674
