          25

0.600D+02      0.093396     -0.084614      0.000000      0.084614     90.000000      0.084614      0.000000
0.550D+02      0.116669     -0.099150      0.000000      0.099150     90.000000      0.099150      0.000000
0.500D+02      0.142855     -0.110935      0.000000      0.110935     90.000000      0.110935      0.000000
0.450D+02      0.167310     -0.116368      0.000000      0.116368     90.000000      0.116368      0.000000
0.400D+02      0.185181     -0.113401      0.000000      0.113401     90.000000      0.113401      0.000000
0.350D+02      0.192565     -0.102193      0.000000      0.102193     90.000000      0.102193      0.000000
0.300D+02      0.187577     -0.084947      0.000000      0.084947     90.000000      0.084947      0.000000
0.250D+02      0.170932     -0.065037      0.000000      0.065037     90.000000      0.065037      0.000000
0.200D+02      0.145739     -0.045847      0.000000      0.045847     90.000000      0.045847      0.000000
0.150D+02      0.116570     -0.029816      0.000000      0.029816     90.000000      0.029816      0.000000
0.100D+02      0.088136     -0.018012      0.000000      0.018012     90.000000      0.018012      0.000000
0.500D+01      0.064071     -0.010275      0.000000      0.010275     90.000000      0.010275      0.000000
0.000D+00      0.046245     -0.005706      0.000000      0.005706     90.000000      0.005706      0.000000
0.500D+01      0.034758     -0.003216     -0.000000      0.003216     90.000001      0.003216      0.000000
0.100D+02      0.028488     -0.001902     -0.000000      0.001902     90.000001      0.001902      0.000000
0.150D+02      0.025828     -0.001187     -0.000000      0.001187     90.000002      0.001187      0.000000
0.200D+02      0.025304     -0.000787     -0.000000      0.000787     90.000002      0.000787      0.000000
0.250D+02      0.025884     -0.000600     -0.000000      0.000600     90.000003      0.000600      0.000000
0.300D+02      0.026999     -0.000618     -0.000000      0.000618     90.000002      0.000618      0.000000
0.350D+02      0.028426     -0.000874     -0.000000      0.000874     90.000001      0.000874      0.000000
0.400D+02      0.030140     -0.001430     -0.000000      0.001430     90.000001      0.001430      0.000000
0.450D+02      0.032232     -0.002377     -0.000000      0.002377     90.000000      0.002377      0.000000
0.500D+02      0.034884     -0.003855      0.000000      0.003855     90.000000      0.003855      0.000000
0.550D+02      0.038377     -0.006064      0.000000      0.006064     90.000000      0.006064      0.000000
0.600D+02      0.043134     -0.009284      0.000000      0.009284     90.000000      0.009284      0.000000
