          25

0.600D+02      0.004013     -0.003178     -0.001224      0.003406    100.532578      0.003178      0.001224
0.550D+02      0.003303     -0.002374     -0.000965      0.002562    101.064458      0.002374      0.000965
0.500D+02      0.003886     -0.002081     -0.001282      0.002444    105.820796      0.002081      0.001282
0.450D+02      0.006171     -0.002240     -0.002205      0.003143    112.275653      0.002240      0.002205
0.400D+02      0.010545     -0.002680     -0.003678      0.004551    116.960362      0.002680      0.003678
0.350D+02      0.017020     -0.003111     -0.005464      0.006288    120.174976      0.003111      0.005464
0.300D+02      0.024920     -0.003206     -0.007147      0.007833    122.919510      0.003206      0.007147
0.250D+02      0.032830     -0.002756     -0.008248      0.008696    125.761239      0.002756      0.008248
0.200D+02      0.038935     -0.001787     -0.008423      0.008611    129.011181      0.001787      0.008423
0.150D+02      0.041648     -0.000562     -0.007614      0.007635    132.888866      0.000562      0.007614
0.100D+02      0.040231      0.000549     -0.006068      0.006093    -42.413536      0.000549      0.006068
0.500D+01      0.035091      0.001254     -0.004222      0.004404    -36.732164      0.001254      0.004222
0.000D+00      0.027600      0.001455     -0.002520      0.002909    -30.000000      0.001455      0.002520
0.500D+01      0.019535      0.001256     -0.001248      0.001770    -22.402347      0.001256      0.001248
0.100D+02      0.012428      0.000862     -0.000481      0.000987    -14.585529      0.000862      0.000481
0.150D+02      0.007141      0.000460     -0.000129      0.000477     -7.841838      0.000460      0.000129
0.200D+02      0.003796      0.000147     -0.000029      0.000149     -5.658785      0.000147      0.000029
0.250D+02      0.002012     -0.000069     -0.000038      0.000079    104.241333      0.000069      0.000038
0.300D+02      0.001242     -0.000230     -0.000066      0.000239     97.962285      0.000230      0.000066
0.350D+02      0.001024     -0.000388     -0.000075      0.000396     95.459113      0.000388      0.000075
0.400D+02      0.001089     -0.000594     -0.000050      0.000596     92.414849      0.000594      0.000050
0.450D+02      0.001340     -0.000897      0.000027      0.000897     89.125225      0.000897      0.000027
0.500D+02      0.001798     -0.001359      0.000198      0.001373     85.864057      0.001359      0.000198
0.550D+02      0.002564     -0.002064      0.000532      0.002131     82.769537      0.002064      0.000532
0.600D+02      0.003790     -0.003110      0.001142      0.003313     79.917581      0.003110      0.001142
