          25

0.600D+02      1.309990     -1.216673      0.000000      1.216673     90.000000      1.216673      0.000000
0.550D+02      0.924511     -0.896886      0.000000      0.896886     90.000000      0.896886      0.000000
0.500D+02      0.620086     -0.615958      0.000000      0.615958     90.000000      0.615958      0.000000
0.450D+02      0.393019     -0.391591      0.000000      0.391591     90.000000      0.391591      0.000000
0.400D+02      0.234136     -0.229041      0.000000      0.229041     90.000000      0.229041      0.000000
0.350D+02      0.130490     -0.122526      0.000000      0.122526     90.000000      0.122526      0.000000
0.300D+02      0.067920     -0.059686      0.000000      0.059686     90.000000      0.059686      0.000000
0.250D+02      0.033289     -0.026521      0.000000      0.026521     90.000000      0.026521      0.000000
0.200D+02      0.015921     -0.010988      0.000000      0.010988     90.000000      0.010988      0.000000
0.150D+02      0.008144     -0.004583      0.000000      0.004583     90.000000      0.004583      0.000000
0.100D+02      0.005098     -0.002265      0.000000      0.002265     90.000000      0.002265      0.000000
0.500D+01      0.004093     -0.001519      0.000000      0.001519     90.000000      0.001519      0.000000
0.000D+00      0.003855     -0.001290      0.000000      0.001290     90.000000      0.001290      0.000000
0.500D+01      0.003874     -0.001217     -0.000000      0.001217     90.000005      0.001217      0.000000
0.100D+02      0.003988     -0.001202     -0.000000      0.001202     90.000005      0.001202      0.000000
0.150D+02      0.004161     -0.001226     -0.000000      0.001226     90.000005      0.001226      0.000000
0.200D+02      0.004396     -0.001299     -0.000000      0.001299     90.000004      0.001299      0.000000
0.250D+02      0.004709     -0.001441     -0.000000      0.001441     90.000004      0.001441      0.000000
0.300D+02      0.005133     -0.001687     -0.000000      0.001687     90.000003      0.001687      0.000000
0.350D+02      0.005723     -0.002096     -0.000000      0.002096     90.000002      0.002096      0.000000
0.400D+02      0.006578     -0.002760     -0.000000      0.002760     90.000001      0.002760      0.000000
0.450D+02      0.007873     -0.003817     -0.000000      0.003817     90.000001      0.003817      0.000000
0.500D+02      0.009895     -0.005451     -0.000000      0.005451     90.000000      0.005451      0.000000
0.550D+02      0.013085     -0.007884      0.000000      0.007884     89.999999      0.007884      0.000000
0.600D+02      0.018064     -0.011325      0.000000      0.011325     89.999999      0.011325      0.000000
