          25

0.600D+02      0.027409     -0.015229     -0.017434      0.023149    114.431176      0.015229      0.017434
0.550D+02      0.024621     -0.012271     -0.014868      0.019278    115.232518      0.012271      0.014868
0.500D+02      0.023778     -0.010148     -0.013323      0.016748    116.352511      0.010148      0.013323
0.450D+02      0.025043     -0.008706     -0.012680      0.015381    117.762606      0.008706      0.012680
0.400D+02      0.028647     -0.007729     -0.012792      0.014946    119.430589      0.007729      0.012792
0.350D+02      0.034519     -0.006904     -0.013377      0.015054    121.351176      0.006904      0.013377
0.300D+02      0.041959     -0.005898     -0.013994      0.015186    123.573607      0.005898      0.013994
0.250D+02      0.049576     -0.004493     -0.014157      0.014852    126.195521      0.004493      0.014157
0.200D+02      0.055601     -0.002702     -0.013508      0.013776    129.343729      0.002702      0.013508
0.150D+02      0.058484     -0.000769     -0.011969      0.011994    133.162634      0.000769      0.011969
0.100D+02      0.057486      0.000958     -0.009757      0.009804    -42.196504      0.000958      0.009757
0.500D+01      0.052974      0.002197     -0.007278      0.007602    -36.602808      0.002197      0.007278
0.000D+00      0.046245      0.002853     -0.004942      0.005706    -29.999999      0.002853      0.004942
0.500D+01      0.038991      0.003023     -0.003014      0.004269    -22.458782      0.003023      0.003014
0.100D+02      0.032679      0.002896     -0.001557      0.003288    -14.129735      0.002896      0.001557
0.150D+02      0.028134      0.002647     -0.000472      0.002689     -5.053014      0.002647      0.000472
0.200D+02      0.025482      0.002361      0.000408      0.002396      4.904571      0.002361      0.000408
0.250D+02      0.024371      0.002037      0.001236      0.002382     15.622681      0.002037      0.001236
0.300D+02      0.024297      0.001623      0.002113      0.002665     26.240081      0.001623      0.002113
0.350D+02      0.024849      0.001053      0.003102      0.003276     35.625707      0.001053      0.003102
0.400D+02      0.025812      0.000259      0.004248      0.004255     43.255977      0.000259      0.004248
0.450D+02      0.027154     -0.000836      0.005613      0.005675     49.235170      0.000836      0.005613
0.500D+02      0.028989     -0.002334      0.007300      0.007665     53.865948      0.002334      0.007300
0.550D+02      0.031549     -0.004381      0.009475      0.010438     57.407097      0.004381      0.009475
0.600D+02      0.035199     -0.007175      0.012395      0.014322     60.033027      0.007175      0.012395
