          25

0.600D+02      0.893707     -0.727074      0.000000      0.727074     90.000000      0.727074      0.000000
0.550D+02      0.693584     -0.591319      0.000000      0.591319     90.000000      0.591319      0.000000
0.500D+02      0.520673     -0.453850      0.000000      0.453850     90.000000      0.453850      0.000000
0.450D+02      0.383139     -0.333899      0.000000      0.333899     90.000000      0.333899      0.000000
0.400D+02      0.281884     -0.241137      0.000000      0.241137     90.000000      0.241137      0.000000
0.350D+02      0.212894     -0.176604      0.000000      0.176604     90.000000      0.176604      0.000000
0.300D+02      0.169651     -0.135632      0.000000      0.135632     90.000000      0.135632      0.000000
0.250D+02      0.145129     -0.111253      0.000000      0.111253     90.000000      0.111253      0.000000
0.200D+02      0.133144     -0.096852      0.000000      0.096852     90.000000      0.096852      0.000000
0.150D+02      0.129015     -0.087530      0.000000      0.087530     90.000000      0.087530      0.000000
0.100D+02      0.129646     -0.080310      0.000000      0.080310     90.000000      0.080310      0.000000
0.500D+01      0.133247     -0.073703      0.000000      0.073703     90.000000      0.073703      0.000000
0.000D+00      0.138917     -0.067114      0.000000      0.067114     90.000000      0.067114      0.000000
0.500D+01      0.146257     -0.060377     -0.000000      0.060377     90.000002      0.060377      0.000000
0.100D+02      0.155116     -0.053503     -0.000000      0.053503     90.000002      0.053503      0.000000
0.150D+02      0.165457     -0.046561     -0.000000      0.046561     90.000002      0.046561      0.000000
0.200D+02      0.177305     -0.039649     -0.000000      0.039649     90.000002      0.039649      0.000000
0.250D+02      0.190743     -0.032884     -0.000000      0.032884     90.000002      0.032884      0.000000
0.300D+02      0.205925     -0.026411     -0.000000      0.026411     90.000003      0.026411      0.000000
0.350D+02      0.223105     -0.020406     -0.000000      0.020406     90.000003      0.020406      0.000000
0.400D+02      0.242682     -0.015090     -0.000000      0.015090     90.000004      0.015090      0.000000
0.450D+02      0.265264     -0.010728     -0.000000      0.010728     90.000004      0.010728      0.000000
0.500D+02      0.291756     -0.007626     -0.000000      0.007626     90.000004      0.007626      0.000000
0.550D+02      0.323473     -0.006099     -0.000000      0.006099     90.000003      0.006099      0.000000
0.600D+02      0.362302     -0.006431      0.000000      0.006431     90.000000      0.006431      0.000000
