          25

0.600D+02      0.505066     -0.454874      0.000000      0.454874     90.000000      0.454874      0.000000
0.550D+02      0.364981     -0.340174      0.000000      0.340174     90.000000      0.340174      0.000000
0.500D+02      0.255166     -0.239146      0.000000      0.239146     90.000000      0.239146      0.000000
0.450D+02      0.173703     -0.158097      0.000000      0.158097     90.000000      0.158097      0.000000
0.400D+02      0.116911     -0.098915      0.000000      0.098915     90.000000      0.098915      0.000000
0.350D+02      0.079941     -0.059589      0.000000      0.059589     90.000000      0.059589      0.000000
0.300D+02      0.057645     -0.035796      0.000000      0.035796     90.000000      0.035796      0.000000
0.250D+02      0.045326     -0.022635      0.000000      0.022635     90.000000      0.022635      0.000000
0.200D+02      0.039201     -0.015878      0.000000      0.015878     90.000000      0.015878      0.000000
0.150D+02      0.036568     -0.012531      0.000000      0.012531     90.000000      0.012531      0.000000
0.100D+02      0.035722     -0.010803      0.000000      0.010803     90.000000      0.010803      0.000000
0.500D+01      0.035724     -0.009790      0.000000      0.009790     90.000000      0.009790      0.000000
0.000D+00      0.036132     -0.009103      0.000000      0.009103     90.000000      0.009103      0.000000
0.500D+01      0.036774     -0.008605     -0.000000      0.008605     90.000005      0.008605      0.000000
0.100D+02      0.037603     -0.008261     -0.000000      0.008261     90.000005      0.008261      0.000000
0.150D+02      0.038622     -0.008082     -0.000000      0.008082     90.000005      0.008082      0.000000
0.200D+02      0.039853     -0.008103     -0.000000      0.008103     90.000005      0.008103      0.000000
0.250D+02      0.041336     -0.008384     -0.000000      0.008384     90.000004      0.008384      0.000000
0.300D+02      0.043134     -0.009014     -0.000000      0.009014     90.000004      0.009014      0.000000
0.350D+02      0.045351     -0.010117     -0.000000      0.010117     90.000003      0.010117      0.000000
0.400D+02      0.048153     -0.011852     -0.000000      0.011852     90.000002      0.011852      0.000000
0.450D+02      0.051799     -0.014407     -0.000000      0.014407     90.000002      0.014407      0.000000
0.500D+02      0.056675     -0.017967     -0.000000      0.017967     90.000001      0.017967      0.000000
0.550D+02      0.063314     -0.022668     -0.000000      0.022668     90.000000      0.022668      0.000000
0.600D+02      0.072402     -0.028533      0.000000      0.028533     90.000000      0.028533      0.000000
