          25

0.600D+02      0.077673     -0.069397      0.000000      0.069397     90.000000      0.069397      0.000000
0.550D+02      0.104980     -0.087427      0.000000      0.087427     90.000000      0.087427      0.000000
0.500D+02      0.134148     -0.101870      0.000000      0.101870     90.000000      0.101870      0.000000
0.450D+02      0.160580     -0.109151      0.000000      0.109151     90.000000      0.109151      0.000000
0.400D+02      0.179418     -0.107315      0.000000      0.107315     90.000000      0.107315      0.000000
0.350D+02      0.186776     -0.096688      0.000000      0.096688     90.000000      0.096688      0.000000
0.300D+02      0.180870     -0.079690      0.000000      0.079690     90.000000      0.079690      0.000000
0.250D+02      0.162601     -0.059911      0.000000      0.059911     90.000000      0.059911      0.000000
0.200D+02      0.135329     -0.040906      0.000000      0.040906     90.000000      0.040906      0.000000
0.150D+02      0.103895     -0.025207      0.000000      0.025207     90.000000      0.025207      0.000000
0.100D+02      0.073242     -0.013900      0.000000      0.013900     90.000000      0.013900      0.000000
0.500D+01      0.047165     -0.006789      0.000000      0.006789     90.000000      0.006789      0.000000
0.000D+00      0.027600     -0.002909      0.000000      0.002909     90.000000      0.002909      0.000000
0.500D+01      0.014637     -0.001104     -0.000000      0.001104     90.000000      0.001104      0.000000
0.100D+02      0.007090     -0.000415     -0.000000      0.000415     90.000001      0.000415      0.000000
0.150D+02      0.003268     -0.000227     -0.000000      0.000227     90.000002      0.000227      0.000000
0.200D+02      0.001619     -0.000228     -0.000000      0.000228     90.000002      0.000228      0.000000
0.250D+02      0.001048     -0.000295     -0.000000      0.000295     90.000002      0.000295      0.000000
0.300D+02      0.000939     -0.000400     -0.000000      0.000400     90.000001      0.000400      0.000000
0.350D+02      0.001025     -0.000553     -0.000000      0.000553     90.000001      0.000553      0.000000
0.400D+02      0.001231     -0.000782     -0.000000      0.000782     90.000000      0.000782      0.000000
0.450D+02      0.001583     -0.001138     -0.000000      0.001138     90.000000      0.001138      0.000000
0.500D+02      0.002164     -0.001700      0.000000      0.001700     90.000000      0.001700      0.000000
0.550D+02      0.003103     -0.002580      0.000000      0.002580     89.999999      0.002580      0.000000
0.600D+02      0.004579     -0.003915      0.000000      0.003915     89.999999      0.003915      0.000000
