          25

0.600D+02      0.046753      0.004149     -0.039072      0.039291    -41.969122      0.004149      0.039072
0.550D+02      0.039763      0.003646     -0.034468      0.034660    -41.980518      0.003646      0.034468
0.500D+02      0.035039      0.003558     -0.031022      0.031225    -41.728261      0.003558      0.031022
0.450D+02      0.031830      0.003700     -0.028329      0.028570    -41.279535      0.003700      0.028329
0.400D+02      0.029667      0.003983     -0.026142      0.026443    -40.668797      0.003983      0.026142
0.350D+02      0.028259      0.004367     -0.024305      0.024694    -39.907366      0.004367      0.024305
0.300D+02      0.027409      0.004832     -0.022711      0.023219    -38.994479      0.004832      0.022711
0.250D+02      0.026959      0.005362     -0.021264      0.021929    -37.924022      0.005362      0.021264
0.200D+02      0.026775      0.005938     -0.019889      0.020757    -36.688454      0.005938      0.019889
0.150D+02      0.026774      0.006545     -0.018548      0.019669    -35.281694      0.006545      0.018548
0.100D+02      0.026929      0.007173     -0.017233      0.018666    -33.700157      0.007173      0.017233
0.500D+01      0.027259      0.007822     -0.015953      0.017767    -31.941109      0.007822      0.015953
0.000D+00      0.027785      0.008491     -0.014708      0.016983    -29.999999      0.008491      0.014708
0.500D+01      0.028514      0.009182     -0.013480      0.016310    -27.868939      0.009182      0.013480
0.100D+02      0.029440      0.009889     -0.012244      0.015739    -25.536390      0.009889      0.012244
0.150D+02      0.030554      0.010607     -0.010974      0.015262    -22.986444      0.010607      0.010974
0.200D+02      0.031866      0.011331     -0.009641      0.014878    -20.196843      0.011331      0.009641
0.250D+02      0.033399      0.012057     -0.008216      0.014591    -17.136021      0.012057      0.008216
0.300D+02      0.035199      0.012785     -0.006661      0.014416    -13.759499      0.012785      0.006661
0.350D+02      0.037336      0.013512     -0.004921      0.014380    -10.005525      0.013512      0.004921
0.400D+02      0.039922      0.014240     -0.002918      0.014536     -5.791121      0.014240      0.002918
0.450D+02      0.043137      0.014973     -0.000532      0.014982     -1.017565      0.014973      0.000532
0.500D+02      0.047265      0.015733      0.002427      0.015919      4.385539      0.015733      0.002427
0.550D+02      0.052763      0.016584      0.006256      0.017725     10.334570      0.016584      0.006256
0.600D+02      0.060353      0.017676      0.011412      0.021040     16.424015      0.017676      0.011412
