          25

0.600D+02      0.047276     -0.015285     -0.016433      0.022442    113.535968      0.015285      0.016433
0.550D+02      0.041726     -0.012614     -0.014372      0.019122    114.364058      0.012614      0.014372
0.500D+02      0.038316     -0.009757     -0.013011      0.016263    116.567194      0.009757      0.013011
0.450D+02      0.036365     -0.007022     -0.012106      0.013995    119.942011      0.007022      0.012106
0.400D+02      0.035360     -0.004570     -0.011475      0.012351    124.143090      0.004570      0.011475
0.350D+02      0.034939     -0.002456     -0.010994      0.011265    128.703255      0.002456      0.010994
0.300D+02      0.034865     -0.000680     -0.010581      0.010603    133.162721      0.000680      0.010581
0.250D+02      0.034979      0.000787     -0.010183      0.010214    -42.789376      0.000787      0.010183
0.200D+02      0.035177      0.001978     -0.009769      0.009967    -39.276315      0.001978      0.009769
0.150D+02      0.035402      0.002925     -0.009326      0.009774    -36.294216      0.002925      0.009326
0.100D+02      0.035633      0.003655     -0.008858      0.009582    -33.790005      0.003655      0.008858
0.500D+01      0.035874      0.004191     -0.008375      0.009365    -31.706899      0.004191      0.008375
0.000D+00      0.036132      0.004552     -0.007884      0.009103    -29.999999      0.004552      0.007884
0.500D+01      0.036414      0.004744     -0.007384      0.008777    -28.641287      0.004744      0.007384
0.100D+02      0.036725      0.004768     -0.006873      0.008365    -27.625431      0.004768      0.006873
0.150D+02      0.037069      0.004615     -0.006343      0.007844    -26.979249      0.004615      0.006343
0.200D+02      0.037461      0.004268     -0.005780      0.007185    -26.779856      0.004268      0.005780
0.250D+02      0.037926      0.003698     -0.005166      0.006353    -27.199055      0.003698      0.005166
0.300D+02      0.038508      0.002868     -0.004463      0.005305    -28.635651      0.002868      0.004463
0.350D+02      0.039281      0.001729     -0.003614      0.004006    -32.214471      0.001729      0.003614
0.400D+02      0.040369      0.000229     -0.002524      0.002535    -42.409808      0.000229      0.002524
0.450D+02      0.041969     -0.001674     -0.001051      0.001976    106.069581      0.001674      0.001051
0.500D+02      0.044387     -0.003979      0.001011      0.004105     82.873554      0.003979      0.001011
0.550D+02      0.048060     -0.006605      0.003937      0.007689     74.601750      0.006605      0.003937
0.600D+02      0.053570     -0.009341      0.008065      0.012340     69.596432      0.009341      0.008065
