          25

0.600D+02      0.054562     -0.028708     -0.033728      0.044292    114.798482      0.028708      0.033728
0.550D+02      0.049304     -0.023353     -0.028859      0.037124    115.509640      0.023353      0.028859
0.500D+02      0.046715     -0.019148     -0.025439      0.031840    116.515627      0.019148      0.025439
0.450D+02      0.046682     -0.015874     -0.023198      0.028109    117.807930      0.015874      0.023198
0.400D+02      0.049229     -0.013276     -0.021898      0.025608    119.386029      0.013276      0.021898
0.350D+02      0.054169     -0.011027     -0.021210      0.023906    121.264844      0.011027      0.021210
0.300D+02      0.060784     -0.008792     -0.020688      0.022479    123.487302      0.008792      0.020688
0.250D+02      0.067757     -0.006350     -0.019854      0.020845    126.131580      0.006350      0.019854
0.200D+02      0.073439     -0.003696     -0.018358      0.018726    129.308241      0.003696      0.018358
0.150D+02      0.076383     -0.001040     -0.016104      0.016138    133.151768      0.001040      0.016104
0.100D+02      0.075887      0.001305     -0.013273      0.013337    -42.193418      0.001305      0.013273
0.500D+01      0.072254      0.003084     -0.010216      0.010672    -36.600057      0.003084      0.010216
0.000D+00      0.066645      0.004212     -0.007295      0.008423    -29.999999      0.004212      0.007295
0.500D+01      0.060585      0.004768     -0.004739      0.006723    -22.412195      0.004768      0.004739
0.100D+02      0.055402      0.004922     -0.002596      0.005565    -13.902248      0.004922      0.002596
0.150D+02      0.051848      0.004823     -0.000764      0.004883     -4.501020      0.004823      0.000764
0.200D+02      0.050047      0.004541      0.000919      0.004633      5.723729      0.004541      0.000919
0.250D+02      0.049696      0.004062      0.002609      0.004827     16.356697      0.004062      0.002609
0.300D+02      0.050365      0.003323      0.004417      0.005528     26.522367      0.003323      0.004417
0.350D+02      0.051721      0.002242      0.006426      0.006806     35.382465      0.002242      0.006426
0.400D+02      0.053628      0.000725      0.008718      0.008748     42.622809      0.000725      0.008718
0.450D+02      0.056140     -0.001345      0.011403      0.011482     48.362662      0.001345      0.011403
0.500D+02      0.059480     -0.004123      0.014657      0.015226     52.856156      0.004123      0.014657
0.550D+02      0.064023     -0.007825      0.018748      0.020315     56.327750      0.007825      0.018748
0.600D+02      0.070338     -0.012739      0.024080      0.027242     58.939665      0.012739      0.024080
