          25

0.600D+02      1.570835     -1.462177      0.000000      1.462177     90.000000      1.462177      0.000000
0.550D+02      1.109019     -1.077793      0.000000      1.077793     90.000000      1.077793      0.000000
0.500D+02      0.743206     -0.739614      0.000000      0.739614     90.000000      0.739614      0.000000
0.450D+02      0.469767     -0.469288      0.000000      0.469288     90.000000      0.469288      0.000000
0.400D+02      0.278173     -0.273392      0.000000      0.273392     90.000000      0.273392      0.000000
0.350D+02      0.153100     -0.145085      0.000000      0.145085     90.000000      0.145085      0.000000
0.300D+02      0.077587     -0.069500      0.000000      0.069500     90.000000      0.069500      0.000000
0.250D+02      0.035817     -0.029736      0.000000      0.029736     90.000000      0.029736      0.000000
0.200D+02      0.014899     -0.011233      0.000000      0.011233     90.000000      0.011233      0.000000
0.150D+02      0.005555     -0.003710      0.000000      0.003710     90.000000      0.003710      0.000000
0.100D+02      0.001900     -0.001077      0.000000      0.001077     90.000000      0.001077      0.000000
0.500D+01      0.000678     -0.000294      0.000000      0.000294     90.000000      0.000294      0.000000
0.000D+00      0.000342     -0.000097      0.000000      0.000097     90.000000      0.000097      0.000000
0.500D+01      0.000274     -0.000050     -0.000000      0.000050     90.000005      0.000050      0.000000
0.100D+02      0.000271     -0.000034     -0.000000      0.000034     90.000006      0.000034      0.000000
0.150D+02      0.000281     -0.000024     -0.000000      0.000024     90.000008      0.000024      0.000000
0.200D+02      0.000292     -0.000014     -0.000000      0.000014     90.000011      0.000014      0.000000
0.250D+02      0.000303     -0.000005     -0.000000      0.000005     90.000024      0.000005      0.000000
0.300D+02      0.000314      0.000003     -0.000000      0.000003     -0.000037      0.000003      0.000000
0.350D+02      0.000324      0.000010     -0.000000      0.000010     -0.000007      0.000010      0.000000
0.400D+02      0.000333      0.000017     -0.000000      0.000017     -0.000002      0.000017      0.000000
0.450D+02      0.000342      0.000023     -0.000000      0.000023     -0.000001      0.000023      0.000000
0.500D+02      0.000349      0.000029      0.000000      0.000029      0.000001      0.000029      0.000000
0.550D+02      0.000353      0.000034      0.000000      0.000034      0.000001      0.000034      0.000000
0.600D+02      0.000355      0.000039      0.000000      0.000039      0.000002      0.000039      0.000000
