          25

0.600D+02      0.000468     -0.000174     -0.000222      0.000282    115.965220      0.000174      0.000222
0.550D+02      0.001061     -0.000379     -0.000512      0.000637    116.751843      0.000379      0.000512
0.500D+02      0.002503     -0.000794     -0.001146      0.001394    117.640457      0.000794      0.001146
0.450D+02      0.005408     -0.001448     -0.002267      0.002690    118.713106      0.001448      0.002267
0.400D+02      0.010315     -0.002237     -0.003886      0.004484    120.036064      0.002237      0.003886
0.350D+02      0.017326     -0.002911     -0.005796      0.006486    121.668688      0.002911      0.005796
0.300D+02      0.025776     -0.003161     -0.007577      0.008210    123.677827      0.003161      0.007577
0.250D+02      0.034198     -0.002789     -0.008734      0.009169    126.146531      0.002789      0.008734
0.200D+02      0.040691     -0.001835     -0.008909      0.009096    129.180427      0.001835      0.008909
0.150D+02      0.043582     -0.000587     -0.008040      0.008061    132.912732      0.000587      0.008040
0.100D+02      0.042095      0.000560     -0.006390      0.006415    -42.494191      0.000560      0.006390
0.500D+01      0.036664      0.001293     -0.004424      0.004609    -36.856837      0.001293      0.004424
0.000D+00      0.028742      0.001506     -0.002609      0.003013    -30.000000      0.001506      0.002609
0.500D+01      0.020211      0.001310     -0.001249      0.001810    -21.823289      0.001310      0.001249
0.100D+02      0.012691      0.000920     -0.000425      0.001013    -12.407322      0.000920      0.000425
0.150D+02      0.007091      0.000534     -0.000039      0.000536     -2.112633      0.000534      0.000039
0.200D+02      0.003536      0.000259      0.000079      0.000271      8.430044      0.000259      0.000079
0.250D+02      0.001619      0.000107      0.000080      0.000133     18.461225      0.000107      0.000080
0.300D+02      0.000749      0.000040      0.000056      0.000069     27.146272      0.000040      0.000056
0.350D+02      0.000422      0.000017      0.000040      0.000044     33.586764      0.000017      0.000040
0.400D+02      0.000322      0.000009      0.000036      0.000037     37.858879      0.000009      0.000036
0.450D+02      0.000297      0.000005      0.000039      0.000039     41.075625      0.000005      0.000039
0.500D+02      0.000290      0.000002      0.000044      0.000044     43.713020      0.000002      0.000044
0.550D+02      0.000285     -0.000001      0.000049      0.000049     45.806237      0.000001      0.000049
0.600D+02      0.000278     -0.000004      0.000053      0.000053     47.396356      0.000004      0.000053
