          25

0.600D+02      0.115409     -0.089063      0.000000      0.089063     90.000000      0.089063      0.000000
0.550D+02      0.147475     -0.108743      0.000000      0.108743     90.000000      0.108743      0.000000
0.500D+02      0.180688     -0.123889      0.000000      0.123889     90.000000      0.123889      0.000000
0.450D+02      0.210498     -0.130916      0.000000      0.130916     90.000000      0.130916      0.000000
0.400D+02      0.231982     -0.127923      0.000000      0.127923     90.000000      0.127923      0.000000
0.350D+02      0.241170     -0.115384      0.000000      0.115384     90.000000      0.115384      0.000000
0.300D+02      0.236255     -0.095958      0.000000      0.095958     90.000000      0.095958      0.000000
0.250D+02      0.218232     -0.073517      0.000000      0.073517     90.000000      0.073517      0.000000
0.200D+02      0.190673     -0.051873      0.000000      0.051873     90.000000      0.051873      0.000000
0.150D+02      0.158701     -0.033751      0.000000      0.033751     90.000000      0.033751      0.000000
0.100D+02      0.127542     -0.020335      0.000000      0.020335     90.000000      0.020335      0.000000
0.500D+01      0.101200     -0.011442      0.000000      0.011442     90.000000      0.011442      0.000000
0.000D+00      0.081710     -0.006077      0.000000      0.006077     90.000000      0.006077      0.000000
0.500D+01      0.069152     -0.003033     -0.000000      0.003033     90.000004      0.003033      0.000000
0.100D+02      0.062251     -0.001310     -0.000000      0.001310     90.000007      0.001310      0.000000
0.150D+02      0.059205     -0.000264     -0.000000      0.000264     90.000024      0.000264      0.000000
0.200D+02      0.058349      0.000434     -0.000000      0.000434     -0.000008      0.000434      0.000000
0.250D+02      0.058505      0.000916     -0.000000      0.000916     -0.000000      0.000916      0.000000
0.300D+02      0.058993      0.001229      0.000000      0.001229      0.000002      0.001229      0.000000
0.350D+02      0.059491      0.001394      0.000000      0.001394      0.000004      0.001394      0.000000
0.400D+02      0.059861      0.001432      0.000000      0.001432      0.000006      0.001432      0.000000
0.450D+02      0.060031      0.001369      0.000000      0.001369      0.000009      0.001369      0.000000
0.500D+02      0.059935      0.001238      0.000000      0.001238      0.000012      0.001238      0.000000
0.550D+02      0.059479      0.001079      0.000000      0.001079      0.000016      0.001079      0.000000
0.600D+02      0.058523      0.000926      0.000000      0.000926      0.000022      0.000926      0.000000
