          25

0.600D+02      0.038866     -0.005248     -0.024140      0.024703    128.867701      0.005248      0.024140
0.550D+02      0.039620     -0.005013     -0.023373      0.023905    128.947625      0.005013      0.023373
0.500D+02      0.040196     -0.004576     -0.022362      0.022825    129.217986      0.004576      0.022362
0.450D+02      0.040704     -0.003967     -0.021189      0.021557    129.698134      0.003967      0.021189
0.400D+02      0.041231     -0.003217     -0.019918      0.020176    130.412231      0.003217      0.019918
0.350D+02      0.041834     -0.002356     -0.018595      0.018744    131.390191      0.002356      0.018595
0.300D+02      0.042535     -0.001409     -0.017236      0.017294    132.663295      0.001409      0.017236
0.250D+02      0.043302     -0.000406     -0.015823      0.015828    134.264193      0.000406      0.015823
0.200D+02      0.044079      0.000621     -0.014332      0.014345    -43.760271      0.000621      0.014332
0.150D+02      0.044827      0.001644     -0.012760      0.012865    -41.330218      0.001644      0.012760
0.100D+02      0.045557      0.002643     -0.011135      0.011444    -38.324359      0.002643      0.011135
0.500D+01      0.046308      0.003609     -0.009493      0.010156    -34.593485      0.003609      0.009493
0.000D+00      0.047116      0.004536     -0.007857      0.009072    -29.999998      0.004536      0.007857
0.500D+01      0.047987      0.005418     -0.006228      0.008255    -24.488623      0.005418      0.006228
0.100D+02      0.048901      0.006245     -0.004599      0.007756    -18.185363      0.006245      0.004599
0.150D+02      0.049833      0.007007     -0.002964      0.007608    -11.463903      0.007007      0.002964
0.200D+02      0.050762      0.007696     -0.001319      0.007809     -4.860642      0.007696      0.001319
0.250D+02      0.051669      0.008311      0.000335      0.008318      1.154993      0.008311      0.000335
0.300D+02      0.052538      0.008851      0.001993      0.009073      6.345291      0.008851      0.001993
0.350D+02      0.053352      0.009322      0.003648      0.010010     10.685750      0.009322      0.003648
0.400D+02      0.054081      0.009731      0.005288      0.011075     14.260020      0.009731      0.005288
0.450D+02      0.054688      0.010090      0.006896      0.012221     17.176909      0.010090      0.006896
0.500D+02      0.055110      0.010408      0.008449      0.013406     19.533118      0.010408      0.008449
0.550D+02      0.055254      0.010695      0.009908      0.014579     21.406296      0.010695      0.009908
0.600D+02      0.054979      0.010944      0.011225      0.015677     22.863489      0.010944      0.011225
