          25

0.600D+02      0.077587     -0.069501      0.000000      0.069501     90.000000      0.069501      0.000000
0.550D+02      0.108138     -0.089901      0.000000      0.089901     90.000000      0.089901      0.000000
0.500D+02      0.140026     -0.106083      0.000000      0.106083     90.000000      0.106083      0.000000
0.450D+02      0.168606     -0.114384      0.000000      0.114384     90.000000      0.114384      0.000000
0.400D+02      0.188893     -0.112830      0.000000      0.112830     90.000000      0.112830      0.000000
0.350D+02      0.196883     -0.101839      0.000000      0.101839     90.000000      0.101839      0.000000
0.300D+02      0.190751     -0.084019      0.000000      0.084019     90.000000      0.084019      0.000000
0.250D+02      0.171488     -0.063200      0.000000      0.063200     90.000000      0.063200      0.000000
0.200D+02      0.142671     -0.043160      0.000000      0.043160     90.000000      0.043160      0.000000
0.150D+02      0.109434     -0.026590      0.000000      0.026590     90.000000      0.026590      0.000000
0.100D+02      0.077016     -0.014647      0.000000      0.014647     90.000000      0.014647      0.000000
0.500D+01      0.049435     -0.007127      0.000000      0.007127     90.000000      0.007127      0.000000
0.000D+00      0.028742     -0.003013      0.000000      0.003013     90.000000      0.003013      0.000000
0.500D+01      0.015032     -0.001080     -0.000000      0.001080     90.000000      0.001080      0.000000
0.100D+02      0.007046     -0.000317     -0.000000      0.000317     90.000000      0.000317      0.000000
0.150D+02      0.002992     -0.000071     -0.000000      0.000071     90.000001      0.000071      0.000000
0.200D+02      0.001224     -0.000009     -0.000000      0.000009     90.000003      0.000009      0.000000
0.250D+02      0.000573      0.000004     -0.000000      0.000004     -0.000001      0.000004      0.000000
0.300D+02      0.000376      0.000006      0.000000      0.000006      0.000002      0.000006      0.000000
0.350D+02      0.000330      0.000007      0.000000      0.000007      0.000005      0.000007      0.000000
0.400D+02      0.000322      0.000007      0.000000      0.000007      0.000007      0.000007      0.000000
0.450D+02      0.000322      0.000006      0.000000      0.000006      0.000011      0.000006      0.000000
0.500D+02      0.000321      0.000005      0.000000      0.000005      0.000017      0.000005      0.000000
0.550D+02      0.000319      0.000004      0.000000      0.000004      0.000027      0.000004      0.000000
0.600D+02      0.000314      0.000002      0.000000      0.000002      0.000047      0.000002      0.000000
