          25

0.600D+02      0.079587     -0.070717      0.000000      0.070717     90.000000      0.070717      0.000000
0.550D+02      0.110227     -0.091068      0.000000      0.091068     90.000000      0.091068      0.000000
0.500D+02      0.142195     -0.107183      0.000000      0.107183     90.000000      0.107183      0.000000
0.450D+02      0.170849     -0.115402      0.000000      0.115402     90.000000      0.115402      0.000000
0.400D+02      0.191210     -0.113757      0.000000      0.113757     90.000000      0.113757      0.000000
0.350D+02      0.199273     -0.102670      0.000000      0.102670     90.000000      0.102670      0.000000
0.300D+02      0.193216     -0.084750      0.000000      0.084750     90.000000      0.084750      0.000000
0.250D+02      0.174030     -0.063831      0.000000      0.063831     90.000000      0.063831      0.000000
0.200D+02      0.145290     -0.043692      0.000000      0.043692     90.000000      0.043692      0.000000
0.150D+02      0.112130     -0.027028      0.000000      0.027028     90.000000      0.027028      0.000000
0.100D+02      0.079789     -0.014996      0.000000      0.014996     90.000000      0.014996      0.000000
0.500D+01      0.052283     -0.007392      0.000000      0.007392     90.000000      0.007392      0.000000
0.000D+00      0.031663     -0.003202      0.000000      0.003202     90.000000      0.003202      0.000000
0.500D+01      0.018022     -0.001203     -0.000000      0.001203     90.000001      0.001203      0.000000
0.100D+02      0.010101     -0.000383     -0.000000      0.000383     90.000002      0.000383      0.000000
0.150D+02      0.006107     -0.000089     -0.000000      0.000089     90.000005      0.000089      0.000000
0.200D+02      0.004393      0.000011     -0.000000      0.000011     -0.000023      0.000011      0.000000
0.250D+02      0.003789      0.000050     -0.000000      0.000050     -0.000001      0.000050      0.000000
0.300D+02      0.003633      0.000070      0.000000      0.000070      0.000002      0.000070      0.000000
0.350D+02      0.003619      0.000078      0.000000      0.000078      0.000005      0.000078      0.000000
0.400D+02      0.003633      0.000078      0.000000      0.000078      0.000007      0.000078      0.000000
0.450D+02      0.003643      0.000071      0.000000      0.000071      0.000011      0.000071      0.000000
0.500D+02      0.003637      0.000059      0.000000      0.000059      0.000016      0.000059      0.000000
0.550D+02      0.003609      0.000044      0.000000      0.000044      0.000026      0.000044      0.000000
0.600D+02      0.003551      0.000029      0.000000      0.000029      0.000045      0.000029      0.000000
