          25

0.600D+02      0.030912     -0.008253     -0.010288      0.013189    115.631572      0.008253      0.010288
0.550D+02      0.032468     -0.007866     -0.010135      0.012829    116.093612      0.007866      0.010135
0.500D+02      0.034691     -0.007539     -0.010223      0.012703    116.797312      0.007539      0.010223
0.450D+02      0.038267     -0.007348     -0.010727      0.013003    117.795683      0.007348      0.010727
0.400D+02      0.043785     -0.007231     -0.011684      0.013741    119.123921      0.007231      0.011684
0.350D+02      0.051374     -0.006975     -0.012901      0.014666    120.801942      0.006975      0.012901
0.300D+02      0.060385     -0.006301     -0.013969      0.015325    122.860024      0.006301      0.013969
0.250D+02      0.069357     -0.005037     -0.014401      0.015257    125.360392      0.005037      0.014401
0.200D+02      0.076388     -0.003244     -0.013842      0.014218    128.404472      0.003244      0.013842
0.150D+02      0.079803     -0.001226     -0.012234      0.012295    132.138110      0.001226      0.012234
0.100D+02      0.078821      0.000607     -0.009841      0.009859    -43.234097      0.000607      0.009841
0.500D+01      0.073870      0.001931     -0.007127      0.007384    -37.419286      0.001931      0.007127
0.000D+00      0.066399      0.002633     -0.004561      0.005267    -29.999998      0.002633      0.004561
0.500D+01      0.058282      0.002816     -0.002447      0.003731    -20.496818      0.002816      0.002447
0.100D+02      0.051136      0.002692     -0.000865      0.002827     -8.910993      0.002692      0.000865
0.150D+02      0.045866      0.002458      0.000282      0.002474      3.269884      0.002458      0.000282
0.200D+02      0.042594      0.002222      0.001164      0.002508     13.825330      0.002222      0.001164
0.250D+02      0.040906      0.002001      0.001932      0.002781     21.996278      0.002001      0.001932
0.300D+02      0.040207      0.001767      0.002674      0.003205     28.270578      0.001767      0.002674
0.350D+02      0.039985      0.001489      0.003420      0.003731     33.236679      0.001489      0.003420
0.400D+02      0.039908      0.001157      0.004170      0.004327     37.246444      0.001157      0.004170
0.450D+02      0.039802      0.000780      0.004908      0.004969     40.483184      0.000780      0.004908
0.500D+02      0.039570      0.000382      0.005617      0.005630     43.053604      0.000382      0.005617
0.550D+02      0.039137     -0.000008      0.006275      0.006275     45.036563      0.000008      0.006275
0.600D+02      0.038406     -0.000361      0.006856      0.006865     46.509238      0.000361      0.006856
