          25

0.600D+02      1.594927     -1.481205      0.000000      1.481205     90.000000      1.481205      0.000000
0.550D+02      1.133607     -1.096695      0.000000      1.096695     90.000000      1.096695      0.000000
0.500D+02      0.768222     -0.758088      0.000000      0.758088     90.000000      0.758088      0.000000
0.450D+02      0.495219     -0.487092      0.000000      0.487092     90.000000      0.487092      0.000000
0.400D+02      0.304123     -0.290332      0.000000      0.290332     90.000000      0.290332      0.000000
0.350D+02      0.179641     -0.161008      0.000000      0.161008     90.000000      0.161008      0.000000
0.300D+02      0.104834     -0.084286      0.000000      0.084286     90.000000      0.084286      0.000000
0.250D+02      0.063889     -0.043290      0.000000      0.043290     90.000000      0.043290      0.000000
0.200D+02      0.043916     -0.023486      0.000000      0.023486     90.000000      0.023486      0.000000
0.150D+02      0.035632     -0.014614      0.000000      0.014614     90.000000      0.014614      0.000000
0.100D+02      0.033141     -0.010603      0.000000      0.010603     90.000000      0.010603      0.000000
0.500D+01      0.033175     -0.008431      0.000000      0.008431     90.000000      0.008431      0.000000
0.000D+00      0.034174     -0.006851      0.000000      0.006851     90.000000      0.006851      0.000000
0.500D+01      0.035506     -0.005444     -0.000000      0.005444     90.000006      0.005444      0.000000
0.100D+02      0.036951     -0.004103     -0.000000      0.004103     90.000007      0.004103      0.000000
0.150D+02      0.038441     -0.002817     -0.000000      0.002817     90.000008      0.002817      0.000000
0.200D+02      0.039948     -0.001592     -0.000000      0.001592     90.000012      0.001592      0.000000
0.250D+02      0.041451     -0.000436     -0.000000      0.000436     90.000037      0.000436      0.000000
0.300D+02      0.042929      0.000644     -0.000000      0.000644     -0.000019      0.000644      0.000000
0.350D+02      0.044356      0.001646     -0.000000      0.001646     -0.000005      0.001646      0.000000
0.400D+02      0.045697      0.002572     -0.000000      0.002572     -0.000002      0.002572      0.000000
0.450D+02      0.046908      0.003426     -0.000000      0.003426     -0.000000      0.003426      0.000000
0.500D+02      0.047923      0.004216      0.000000      0.004216      0.000001      0.004216      0.000000
0.550D+02      0.048647      0.004950      0.000000      0.004950      0.000001      0.004950      0.000000
0.600D+02      0.048945      0.005629      0.000000      0.005629      0.000002      0.005629      0.000000
