          25

0.600D+02      0.000196     -0.000035     -0.000144      0.000148    128.228012      0.000035      0.000144
0.550D+02      0.000201     -0.000032     -0.000140      0.000143    128.444480      0.000032      0.000140
0.500D+02      0.000207     -0.000029     -0.000135      0.000138    128.954550      0.000029      0.000135
0.450D+02      0.000221     -0.000024     -0.000138      0.000140    130.140206      0.000024      0.000138
0.400D+02      0.000260     -0.000014     -0.000159      0.000159    132.389994      0.000014      0.000159
0.350D+02      0.000344      0.000001     -0.000209      0.000209    -44.881764      0.000001      0.000209
0.300D+02      0.000468      0.000024     -0.000278      0.000279    -42.568177      0.000024      0.000278
0.250D+02      0.000594      0.000050     -0.000335      0.000339    -40.727583      0.000050      0.000335
0.200D+02      0.000663      0.000072     -0.000345      0.000352    -39.075966      0.000072      0.000345
0.150D+02      0.000643      0.000081     -0.000298      0.000309    -37.390849      0.000081      0.000298
0.100D+02      0.000550      0.000075     -0.000219      0.000231    -35.507590      0.000075      0.000219
0.500D+01      0.000435      0.000061     -0.000140      0.000153    -33.197896      0.000061      0.000140
0.000D+00      0.000342      0.000048     -0.000084      0.000097    -29.999999      0.000048      0.000084
0.500D+01      0.000289      0.000041     -0.000050      0.000065    -25.289618      0.000041      0.000050
0.100D+02      0.000269      0.000040     -0.000031      0.000051    -19.083137      0.000040      0.000031
0.150D+02      0.000266      0.000042     -0.000019      0.000047    -12.297105      0.000042      0.000019
0.200D+02      0.000269      0.000046     -0.000009      0.000047     -5.702954      0.000046      0.000009
0.250D+02      0.000274      0.000049      0.000001      0.000049      0.338249      0.000049      0.000001
0.300D+02      0.000278      0.000052      0.000010      0.000053      5.646296      0.000052      0.000010
0.350D+02      0.000283      0.000054      0.000020      0.000058     10.172662      0.000054      0.000020
0.400D+02      0.000287      0.000056      0.000030      0.000064     13.964780      0.000056      0.000030
0.450D+02      0.000290      0.000058      0.000039      0.000070     17.107616      0.000058      0.000039
0.500D+02      0.000292      0.000059      0.000049      0.000077     19.685843      0.000059      0.000049
0.550D+02      0.000293      0.000060      0.000057      0.000083     21.772312      0.000060      0.000057
0.600D+02      0.000292      0.000061      0.000065      0.000089     23.433110      0.000061      0.000065
