          25

0.600D+02      0.042535     -0.010774     -0.013565      0.017323    115.770711      0.010774      0.013565
0.550D+02      0.044579     -0.010254     -0.013316      0.016806    116.200338      0.010254      0.013316
0.500D+02      0.047219     -0.009735     -0.013266      0.016455    116.864296      0.009735      0.013266
0.450D+02      0.051169     -0.009304     -0.013602      0.016479    117.813607      0.009304      0.013602
0.400D+02      0.057033     -0.008914     -0.014366      0.016907    119.090131      0.008914      0.014366
0.350D+02      0.064948     -0.008365     -0.015372      0.017501    120.724019      0.008365      0.015372
0.300D+02      0.074268     -0.007390     -0.016214      0.017819    122.749758      0.007390      0.016214
0.250D+02      0.083534     -0.005825     -0.016408      0.017412    125.227273      0.005825      0.016408
0.200D+02      0.090839     -0.003743     -0.015601      0.016044    128.254646      0.003743      0.015601
0.150D+02      0.094508     -0.001455     -0.013737      0.013814    131.977984      0.001455      0.013737
0.100D+02      0.093756      0.000623     -0.011081      0.011099    -43.390046      0.000623      0.011081
0.500D+01      0.089008      0.002160     -0.008100      0.008383    -37.534688      0.002160      0.008100
0.000D+00      0.081710      0.003039     -0.005263      0.006077    -29.999998      0.003039      0.005263
0.500D+01      0.073733      0.003358     -0.002876      0.004421    -20.285755      0.003358      0.002876
0.100D+02      0.066692      0.003331     -0.001019      0.003483     -8.506701      0.003331      0.001019
0.150D+02      0.061490      0.003151      0.000402      0.003177      3.639065      0.003151      0.000402
0.200D+02      0.058247      0.002929      0.001557      0.003318     13.999497      0.002929      0.001557
0.250D+02      0.056549      0.002685      0.002595      0.003734     22.012196      0.002685      0.002595
0.300D+02      0.055798      0.002393      0.003601      0.004323     28.197436      0.002393      0.003601
0.350D+02      0.055482      0.002029      0.004604      0.005032     33.107145      0.002029      0.004604
0.400D+02      0.055265      0.001591      0.005600      0.005822     37.069860      0.001591      0.005600
0.450D+02      0.054967      0.001097      0.006570      0.006661     40.261147      0.001097      0.006570
0.500D+02      0.054482      0.000581      0.007494      0.007516     42.785153      0.000581      0.007494
0.550D+02      0.053714      0.000082      0.008342      0.008342     44.718935      0.000082      0.008342
0.600D+02      0.052538     -0.000361      0.009079      0.009086     46.138262      0.000361      0.009079
