          25

0.600D+02      1.572540     -1.463740      0.000000      1.463740     90.000000      1.463740      0.000000
0.550D+02      1.110769     -1.079344      0.000000      1.079344     90.000000      1.079344      0.000000
0.500D+02      0.744997     -0.741128      0.000000      0.741128     90.000000      0.741128      0.000000
0.450D+02      0.471601     -0.470747      0.000000      0.470747     90.000000      0.470747      0.000000
0.400D+02      0.280055     -0.274780      0.000000      0.274780     90.000000      0.274780      0.000000
0.350D+02      0.155036     -0.146390      0.000000      0.146390     90.000000      0.146390      0.000000
0.300D+02      0.079587     -0.070712      0.000000      0.070712     90.000000      0.070712      0.000000
0.250D+02      0.037889     -0.030847      0.000000      0.030847     90.000000      0.030847      0.000000
0.200D+02      0.017053     -0.012238      0.000000      0.012238     90.000000      0.012238      0.000000
0.150D+02      0.007798     -0.004606      0.000000      0.004606     90.000000      0.004606      0.000000
0.100D+02      0.004241     -0.001860      0.000000      0.001860     90.000000      0.001860      0.000000
0.500D+01      0.003122     -0.000965      0.000000      0.000965     90.000000      0.000965      0.000000
0.000D+00      0.002895     -0.000656      0.000000      0.000656     90.000000      0.000656      0.000000
0.500D+01      0.002939     -0.000499     -0.000000      0.000499     90.000006      0.000499      0.000000
0.100D+02      0.003051     -0.000377     -0.000000      0.000377     90.000007      0.000377      0.000000
0.150D+02      0.003177     -0.000265     -0.000000      0.000265     90.000008      0.000265      0.000000
0.200D+02      0.003304     -0.000158     -0.000000      0.000158     90.000011      0.000158      0.000000
0.250D+02      0.003429     -0.000059     -0.000000      0.000059     90.000025      0.000059      0.000000
0.300D+02      0.003551      0.000033     -0.000000      0.000033     -0.000035      0.000033      0.000000
0.350D+02      0.003667      0.000118     -0.000000      0.000118     -0.000007      0.000118      0.000000
0.400D+02      0.003774      0.000195     -0.000000      0.000195     -0.000002      0.000195      0.000000
0.450D+02      0.003868      0.000265     -0.000000      0.000265     -0.000000      0.000265      0.000000
0.500D+02      0.003946      0.000329      0.000000      0.000329      0.000001      0.000329      0.000000
0.550D+02      0.003998      0.000387      0.000000      0.000387      0.000001      0.000387      0.000000
0.600D+02      0.004014      0.000440      0.000000      0.000440      0.000002      0.000440      0.000000
