          25

0.600D+02      0.104834     -0.084344      0.000000      0.084344     90.000000      0.084344      0.000000
0.550D+02      0.136407     -0.104131      0.000000      0.104131     90.000000      0.104131      0.000000
0.500D+02      0.169181     -0.119471      0.000000      0.119471     90.000000      0.119471      0.000000
0.450D+02      0.198579     -0.126763      0.000000      0.126763     90.000000      0.126763      0.000000
0.400D+02      0.219665     -0.124089      0.000000      0.124089     90.000000      0.124089      0.000000
0.350D+02      0.228458     -0.111910      0.000000      0.111910     90.000000      0.111910      0.000000
0.300D+02      0.223151     -0.092869      0.000000      0.092869     90.000000      0.092869      0.000000
0.250D+02      0.204736     -0.070828      0.000000      0.070828     90.000000      0.070828      0.000000
0.200D+02      0.176788     -0.049589      0.000000      0.049589     90.000000      0.049589      0.000000
0.150D+02      0.144435     -0.031865      0.000000      0.031865     90.000000      0.031865      0.000000
0.100D+02      0.112908     -0.018832      0.000000      0.018832     90.000000      0.018832      0.000000
0.500D+01      0.086216     -0.010300      0.000000      0.010300     90.000000      0.010300      0.000000
0.000D+00      0.066399     -0.005267      0.000000      0.005267     90.000000      0.005267      0.000000
0.500D+01      0.053541     -0.002519     -0.000000      0.002519     90.000004      0.002519      0.000000
0.100D+02      0.046376     -0.001052     -0.000000      0.001052     90.000007      0.001052      0.000000
0.150D+02      0.043101     -0.000221     -0.000000      0.000221     90.000021      0.000221      0.000000
0.200D+02      0.042061      0.000306     -0.000000      0.000306     -0.000008      0.000306      0.000000
0.250D+02      0.042076      0.000662     -0.000000      0.000662     -0.000000      0.000662      0.000000
0.300D+02      0.042474      0.000890      0.000000      0.000890      0.000002      0.000890      0.000000
0.350D+02      0.042934      0.001009      0.000000      0.001009      0.000004      0.001009      0.000000
0.400D+02      0.043326      0.001031      0.000000      0.001031      0.000007      0.001031      0.000000
0.450D+02      0.043587      0.000976      0.000000      0.000976      0.000009      0.000976      0.000000
0.500D+02      0.043662      0.000868      0.000000      0.000868      0.000013      0.000868      0.000000
0.550D+02      0.043478      0.000734      0.000000      0.000734      0.000018      0.000734      0.000000
0.600D+02      0.042929      0.000602      0.000000      0.000602      0.000025      0.000602      0.000000
