          25

0.600D+02      0.002230     -0.000389     -0.001620      0.001666    128.256368      0.000389      0.001620
0.550D+02      0.002280     -0.000365     -0.001568      0.001610    128.453598      0.000365      0.001568
0.500D+02      0.002322     -0.000328     -0.001501      0.001536    128.840722      0.000328      0.001501
0.450D+02      0.002370     -0.000279     -0.001431      0.001458    129.473306      0.000279      0.001431
0.400D+02      0.002443     -0.000220     -0.001372      0.001390    130.446025      0.000220      0.001372
0.350D+02      0.002561     -0.000149     -0.001338      0.001346    131.831666      0.000149      0.001338
0.300D+02      0.002724     -0.000066     -0.001321      0.001322    133.574285      0.000066      0.001321
0.250D+02      0.002892      0.000023     -0.001288      0.001288    -44.480582      0.000023      0.001288
0.200D+02      0.003007      0.000109     -0.001206      0.001211    -42.422002      0.000109      0.001206
0.150D+02      0.003036      0.000181     -0.001067      0.001082    -40.183769      0.000181      0.001067
0.100D+02      0.002995      0.000238     -0.000894      0.000925    -37.558260      0.000238      0.000894
0.500D+01      0.002933      0.000284     -0.000720      0.000774    -34.251508      0.000284      0.000720
0.000D+00      0.002895      0.000328     -0.000568      0.000656    -29.999998      0.000328      0.000568
0.500D+01      0.002898      0.000374     -0.000438      0.000576    -24.732082      0.000374      0.000438
0.100D+02      0.002933      0.000423     -0.000322      0.000531    -18.638461      0.000423      0.000322
0.150D+02      0.002985      0.000470     -0.000211      0.000515    -12.109660      0.000470      0.000211
0.200D+02      0.003042      0.000513     -0.000102      0.000523     -5.624094      0.000513      0.000102
0.250D+02      0.003099      0.000551      0.000008      0.000551      0.393769      0.000551      0.000008
0.300D+02      0.003153      0.000583      0.000117      0.000595      5.693622      0.000583      0.000117
0.350D+02      0.003203      0.000611      0.000227      0.000652     10.210032      0.000611      0.000227
0.400D+02      0.003248      0.000633      0.000336      0.000717     13.990175      0.000633      0.000336
0.450D+02      0.003285      0.000652      0.000444      0.000789     17.120330      0.000652      0.000444
0.500D+02      0.003311      0.000667      0.000548      0.000863     19.685935      0.000667      0.000548
0.550D+02      0.003320      0.000680      0.000646      0.000938     21.760158      0.000680      0.000646
0.600D+02      0.003303      0.000689      0.000735      0.001007     23.409163      0.000689      0.000735
