          25

0.600D+02      0.002724     -0.000840     -0.001036      0.001334    115.475248      0.000840      0.001036
0.550D+02      0.003402     -0.000996     -0.001292      0.001631    116.190867      0.000996      0.001292
0.500D+02      0.004916     -0.001350     -0.001884      0.002318    117.191680      0.001350      0.001884
0.450D+02      0.007884     -0.001934     -0.002956      0.003533    118.405085      0.001934      0.002956
0.400D+02      0.012850     -0.002648     -0.004524      0.005242    119.827396      0.002648      0.004524
0.350D+02      0.019917     -0.003245     -0.006379      0.007157    121.518947      0.003245      0.006379
0.300D+02      0.028421     -0.003419     -0.008103      0.008794    123.561050      0.003419      0.008103
0.250D+02      0.036896     -0.002973     -0.009202      0.009670    126.047298      0.002973      0.009202
0.200D+02      0.043438     -0.001950     -0.009317      0.009519    129.089574      0.001950      0.009317
0.150D+02      0.046377     -0.000638     -0.008388      0.008412    132.825490      0.000638      0.008388
0.100D+02      0.044936      0.000566     -0.006678      0.006701    -42.576883      0.000566      0.006678
0.500D+01      0.039546      0.001347     -0.004650      0.004841    -36.921263      0.001347      0.004650
0.000D+00      0.031663      0.001601     -0.002773      0.003202    -30.000000      0.001601      0.002773
0.500D+01      0.023165      0.001436     -0.001352      0.001972    -21.637762      0.001436      0.001352
0.100D+02      0.015673      0.001067     -0.000466      0.001164    -11.783622      0.001067      0.000466
0.150D+02      0.010096      0.000693     -0.000017      0.000694     -0.710394      0.000693      0.000017
0.200D+02      0.006560      0.000420      0.000163      0.000451     10.619959      0.000420      0.000163
0.250D+02      0.004654      0.000261      0.000228      0.000346     20.538948      0.000261      0.000228
0.300D+02      0.003790      0.000179      0.000266      0.000321     27.987520      0.000179      0.000266
0.350D+02      0.003463      0.000133      0.000312      0.000339     33.406270      0.000133      0.000312
0.400D+02      0.003355      0.000097      0.000368      0.000381     37.601430      0.000097      0.000368
0.450D+02      0.003312      0.000061      0.000430      0.000434     40.972996      0.000061      0.000430
0.500D+02      0.003276      0.000023      0.000491      0.000491     43.665856      0.000023      0.000491
0.550D+02      0.003227     -0.000015      0.000547      0.000548     45.762464      0.000015      0.000547
0.600D+02      0.003153     -0.000049      0.000597      0.000599     47.344851      0.000049      0.000597
