          25

0.600D+02      0.028461     -0.004133     -0.018519      0.018975    128.709144      0.004133      0.018519
0.550D+02      0.028951     -0.003919     -0.017883      0.018308    128.819908      0.003919      0.017883
0.500D+02      0.029314     -0.003554     -0.017066      0.017432    129.117596      0.003554      0.017066
0.450D+02      0.029635     -0.003064     -0.016133      0.016421    129.622801      0.003064      0.016133
0.400D+02      0.029981     -0.002472     -0.015138      0.015339    130.361893      0.002472      0.015138
0.350D+02      0.030402     -0.001800     -0.014119      0.014233    131.366738      0.001800      0.014119
0.300D+02      0.030912     -0.001068     -0.013085      0.013128    132.667685      0.001068      0.013085
0.250D+02      0.031477     -0.000297     -0.012014      0.012018    134.292509      0.000297      0.012014
0.200D+02      0.032043      0.000487     -0.010879      0.010890    -43.717820      0.000487      0.010879
0.150D+02      0.032571      0.001262     -0.009676      0.009758    -41.285997      0.001262      0.009676
0.100D+02      0.033075      0.002012     -0.008430      0.008667    -38.288729      0.002012      0.008430
0.500D+01      0.033596      0.002733     -0.007175      0.007679    -34.573052      0.002733      0.007175
0.000D+00      0.034174      0.003426     -0.005933      0.006851    -29.999997      0.003426      0.005933
0.500D+01      0.034818      0.004085     -0.004705      0.006231    -24.515853      0.004085      0.004705
0.100D+02      0.035513      0.004705     -0.003481      0.005853    -18.245874      0.004705      0.003481
0.150D+02      0.036235      0.005278     -0.002252      0.005739    -11.555388      0.005278      0.002252
0.200D+02      0.036968      0.005798     -0.001016      0.005887     -4.968719      0.005798      0.001016
0.250D+02      0.037695      0.006263      0.000230      0.006268      1.050640      0.006263      0.000230
0.300D+02      0.038406      0.006674      0.001483      0.006836      6.262211      0.006674      0.001483
0.350D+02      0.039086      0.007033      0.002738      0.007547     10.635290      0.007033      0.002738
0.400D+02      0.039714      0.007346      0.003988      0.008358     14.248375      0.007346      0.003988
0.450D+02      0.040261      0.007620      0.005221      0.009237     17.207236      0.007620      0.005221
0.500D+02      0.040679      0.007864      0.006417      0.010150     19.607119      0.007864      0.006417
0.550D+02      0.040896      0.008083      0.007551      0.011061     21.525045      0.008083      0.007551
0.600D+02      0.040805      0.008271      0.008582      0.011919     23.027727      0.008271      0.008582
