          25

0.600D+02      1.604034     -1.486861      0.000000      1.486861     90.000000      1.486861      0.000000
0.550D+02      1.142969     -1.102411      0.000000      1.102411     90.000000      1.102411      0.000000
0.500D+02      0.777806     -0.763762      0.000000      0.763762     90.000000      0.763762      0.000000
0.450D+02      0.505020     -0.492637      0.000000      0.492637     90.000000      0.492637      0.000000
0.400D+02      0.314155     -0.295675      0.000000      0.295675     90.000000      0.295675      0.000000
0.350D+02      0.189929     -0.166087      0.000000      0.166087     90.000000      0.166087      0.000000
0.300D+02      0.115409     -0.089046      0.000000      0.089046     90.000000      0.089046      0.000000
0.250D+02      0.074786     -0.047690      0.000000      0.047690     90.000000      0.047690      0.000000
0.200D+02      0.055170     -0.027489      0.000000      0.027489     90.000000      0.027489      0.000000
0.150D+02      0.047272     -0.018193      0.000000      0.018193     90.000000      0.018193      0.000000
0.100D+02      0.045195     -0.013738      0.000000      0.013738     90.000000      0.013738      0.000000
0.500D+01      0.045665     -0.011112      0.000000      0.011112     90.000000      0.011112      0.000000
0.000D+00      0.047116     -0.009072      0.000000      0.009072     90.000000      0.009072      0.000000
0.500D+01      0.048908     -0.007208     -0.000000      0.007208     90.000006      0.007208      0.000000
0.100D+02      0.050817     -0.005420     -0.000000      0.005420     90.000007      0.005420      0.000000
0.150D+02      0.052765     -0.003702     -0.000000      0.003702     90.000008      0.003702      0.000000
0.200D+02      0.054718     -0.002065     -0.000000      0.002065     90.000013      0.002065      0.000000
0.250D+02      0.056647     -0.000521     -0.000000      0.000521     90.000040      0.000521      0.000000
0.300D+02      0.058523      0.000921     -0.000000      0.000921     -0.000017      0.000921      0.000000
0.350D+02      0.060310      0.002257     -0.000000      0.002257     -0.000005      0.002257      0.000000
0.400D+02      0.061964      0.003489     -0.000000      0.003489     -0.000002      0.003489      0.000000
0.450D+02      0.063424      0.004624     -0.000000      0.004624     -0.000000      0.004624      0.000000
0.500D+02      0.064606      0.005673      0.000000      0.005673      0.000001      0.005673      0.000000
0.550D+02      0.065386      0.006646      0.000000      0.006646      0.000001      0.006646      0.000000
0.600D+02      0.065589      0.007546      0.000000      0.007546      0.000002      0.007546      0.000000
