          25

0.600D+02      0.029042     -0.015704     -0.018018      0.023901    114.462865      0.015704      0.018018
0.550D+02      0.026253     -0.012703     -0.015418      0.019977    115.256988      0.012703      0.015418
0.500D+02      0.025399     -0.010529     -0.013834      0.017385    116.362699      0.010529      0.013834
0.450D+02      0.026646     -0.009032     -0.013148      0.015951    117.755482      0.009032      0.013148
0.400D+02      0.030232     -0.007999     -0.013217      0.015449    119.408964      0.007999      0.013217
0.350D+02      0.036087     -0.007119     -0.013759      0.015491    121.321157      0.007119      0.013759
0.300D+02      0.043514     -0.006060     -0.014334      0.015562    123.540318      0.006060      0.014334
0.250D+02      0.051122     -0.004607     -0.014455      0.015171    126.161497      0.004607      0.014455
0.200D+02      0.057145     -0.002771     -0.013767      0.014043    129.309727      0.002771      0.013767
0.150D+02      0.060030     -0.000797     -0.012189      0.012215    133.129053      0.000797      0.012189
0.100D+02      0.059040      0.000965     -0.009940      0.009987    -42.227910      0.000965      0.009940
0.500D+01      0.054539      0.002234     -0.007424      0.007753    -36.626079      0.002234      0.007424
0.000D+00      0.047824      0.002916     -0.005051      0.005832    -29.999999      0.002916      0.005051
0.500D+01      0.040586      0.003106     -0.003086      0.004378    -22.406299      0.003106      0.003086
0.100D+02      0.034289      0.002994     -0.001590      0.003390    -13.985671      0.002994      0.001590
0.150D+02      0.029757      0.002752     -0.000465      0.002791     -4.796102      0.002752      0.000465
0.200D+02      0.027114      0.002466      0.000455      0.002508      5.227939      0.002466      0.000455
0.250D+02      0.026009      0.002135      0.001322      0.002512     15.884066      0.002135      0.001322
0.300D+02      0.025939      0.001709      0.002239      0.002817     26.321298      0.001709      0.002239
0.350D+02      0.026496      0.001122      0.003265      0.003452     35.517612      0.001122      0.003265
0.400D+02      0.027462      0.000307      0.004447      0.004458     43.023603      0.000307      0.004447
0.450D+02      0.028807     -0.000811      0.005849      0.005905     48.946087      0.000811      0.005849
0.500D+02      0.030642     -0.002334      0.007571      0.007923     53.566920      0.002334      0.007571
0.550D+02      0.033197     -0.004406      0.009779      0.010725     57.127281      0.004406      0.009779
0.600D+02      0.036832     -0.007225      0.012729      0.014636     59.789800      0.007225      0.012729
