          25

0.600D+02      0.006595     -0.002628     -0.002993      0.003983    114.356139      0.002628      0.002993
0.550D+02      0.004805     -0.002038     -0.002150      0.002963    113.270178      0.002038      0.002150
0.500D+02      0.003775     -0.001485     -0.001675      0.002238    114.225204      0.001485      0.001675
0.450D+02      0.003209     -0.001022     -0.001415      0.001746    117.089708      0.001022      0.001415
0.400D+02      0.002924     -0.000653     -0.001282      0.001439    121.507244      0.000653      0.001282
0.350D+02      0.002818     -0.000362     -0.001228      0.001281    126.791315      0.000362      0.001228
0.300D+02      0.002824     -0.000129     -0.001217      0.001224    131.970649      0.000129      0.001217
0.250D+02      0.002870      0.000058     -0.001205      0.001206    -43.633118      0.000058      0.001205
0.200D+02      0.002886      0.000202     -0.001156      0.001173    -40.054820      0.000202      0.001156
0.150D+02      0.002833      0.000303     -0.001060      0.001102    -37.021815      0.000303      0.001060
0.100D+02      0.002724      0.000366     -0.000938      0.001007    -34.331355      0.000366      0.000938
0.500D+01      0.002601      0.000401     -0.000820      0.000913    -31.962669      0.000401      0.000820
0.000D+00      0.002505      0.000418     -0.000724      0.000836    -29.999996      0.000418      0.000724
0.500D+01      0.002453      0.000423     -0.000652      0.000777    -28.509336      0.000423      0.000652
0.100D+02      0.002437      0.000416     -0.000595      0.000726    -27.505880      0.000416      0.000595
0.150D+02      0.002446      0.000395     -0.000545      0.000673    -27.019162      0.000395      0.000545
0.200D+02      0.002472      0.000355     -0.000495      0.000609    -27.176260      0.000355      0.000495
0.250D+02      0.002516      0.000290     -0.000441      0.000528    -28.316481      0.000290      0.000441
0.300D+02      0.002585      0.000192     -0.000374      0.000421    -31.397473      0.000192      0.000374
0.350D+02      0.002695      0.000049     -0.000283      0.000288    -40.079960      0.000049      0.000283
0.400D+02      0.002877     -0.000158     -0.000144      0.000214    111.087977      0.000158      0.000144
0.450D+02      0.003191     -0.000455      0.000091      0.000464     84.334098      0.000455      0.000091
0.500D+02      0.003745     -0.000867      0.000503      0.001002     74.946737      0.000867      0.000503
0.550D+02      0.004723     -0.001406      0.001226      0.001865     69.456681      0.001406      0.001226
0.600D+02      0.006403     -0.002044      0.002463      0.003201     64.848196      0.002044      0.002463
