          25

0.600D+02      0.095079     -0.085555      0.000000      0.085555     90.000000      0.085555      0.000000
0.550D+02      0.118336     -0.100034      0.000000      0.100034     90.000000      0.100034      0.000000
0.500D+02      0.144499     -0.111748      0.000000      0.111748     90.000000      0.111748      0.000000
0.450D+02      0.168928     -0.117101      0.000000      0.117101     90.000000      0.117101      0.000000
0.400D+02      0.186774     -0.114051      0.000000      0.114051     90.000000      0.114051      0.000000
0.350D+02      0.194133     -0.102762      0.000000      0.102762     90.000000      0.102762      0.000000
0.300D+02      0.189125     -0.085436      0.000000      0.085436     90.000000      0.085436      0.000000
0.250D+02      0.172466     -0.065451      0.000000      0.065451     90.000000      0.065451      0.000000
0.200D+02      0.147266     -0.046191      0.000000      0.046191     90.000000      0.046191      0.000000
0.150D+02      0.118097     -0.030095      0.000000      0.030095     90.000000      0.030095      0.000000
0.100D+02      0.089672     -0.018234      0.000000      0.018234     90.000000      0.018234      0.000000
0.500D+01      0.065625     -0.010446      0.000000      0.010446     90.000000      0.010446      0.000000
0.000D+00      0.047824     -0.005832      0.000000      0.005832     90.000000      0.005832      0.000000
0.500D+01      0.036373     -0.003304     -0.000000      0.003304     90.000001      0.003304      0.000000
0.100D+02      0.030151     -0.001958     -0.000000      0.001958     90.000001      0.001958      0.000000
0.150D+02      0.027560     -0.001216     -0.000000      0.001216     90.000002      0.001216      0.000000
0.200D+02      0.027140     -0.000791     -0.000000      0.000791     90.000003      0.000791      0.000000
0.250D+02      0.027858     -0.000583     -0.000000      0.000583     90.000003      0.000583      0.000000
0.300D+02      0.029058     -0.000588     -0.000000      0.000588     90.000002      0.000588      0.000000
0.350D+02      0.030438     -0.000844     -0.000000      0.000844     90.000001      0.000844      0.000000
0.400D+02      0.032062     -0.001407     -0.000000      0.001407     90.000000      0.001407      0.000000
0.450D+02      0.034087     -0.002365      0.000000      0.002365     90.000000      0.002365      0.000000
0.500D+02      0.036695     -0.003855      0.000000      0.003855     90.000000      0.003855      0.000000
0.550D+02      0.040151     -0.006077      0.000000      0.006077     90.000000      0.006077      0.000000
0.600D+02      0.044870     -0.009311      0.000000      0.009311     89.999999      0.009311      0.000000
