          25

0.600D+02      0.048682      0.003914     -0.040281      0.040471    -42.225140      0.003914      0.040281
0.550D+02      0.041645      0.003429     -0.035615      0.035780    -42.250278      0.003429      0.035615
0.500D+02      0.036867      0.003368     -0.032095      0.032271    -42.004581      0.003368      0.032095
0.450D+02      0.033602      0.003544     -0.029323      0.029536    -41.554509      0.003544      0.029323
0.400D+02      0.031386      0.003865     -0.027054      0.027328    -40.934616      0.003865      0.027054
0.350D+02      0.029931      0.004290     -0.025136      0.025499    -40.156904      0.004290      0.025136
0.300D+02      0.029042      0.004798     -0.023461      0.023947    -39.221601      0.004798      0.023461
0.250D+02      0.028559      0.005369     -0.021937      0.022585    -38.123694      0.005369      0.021937
0.200D+02      0.028350      0.005986     -0.020489      0.021346    -36.856466      0.005986      0.020489
0.150D+02      0.028329      0.006633     -0.019077      0.020197    -35.414104      0.006633      0.019077
0.100D+02      0.028472      0.007298     -0.017694      0.019140    -33.792829      0.007298      0.017694
0.500D+01      0.028795      0.007981     -0.016349      0.018193    -31.989649      0.007981      0.016349
0.000D+00      0.029321      0.008684     -0.015040      0.017367    -29.999998      0.008684      0.015040
0.500D+01      0.030056      0.009404     -0.013751      0.016660    -27.816402      0.009404      0.013751
0.100D+02      0.030991      0.010139     -0.012456      0.016061    -25.427967      0.010139      0.012456
0.150D+02      0.032121      0.010881     -0.011126      0.015563    -22.819516      0.010881      0.011126
0.200D+02      0.033452      0.011627     -0.009735      0.015164    -19.970026      0.011627      0.009735
0.250D+02      0.035008      0.012372     -0.008251      0.014871    -16.850033      0.012372      0.008251
0.300D+02      0.036832      0.013116     -0.006636      0.014699    -13.418584      0.013116      0.006636
0.350D+02      0.038995      0.013857     -0.004836      0.014677     -9.619585      0.013857      0.004836
0.400D+02      0.041608      0.014595     -0.002773      0.014856     -5.378653      0.014595      0.002773
0.450D+02      0.044849      0.015336     -0.000326      0.015340     -0.608875      0.015336      0.000326
0.500D+02      0.049001      0.016102      0.002693      0.016326      4.747697      0.016102      0.002693
0.550D+02      0.054516      0.016956      0.006580      0.018187     10.604360      0.016956      0.006580
0.600D+02      0.062112      0.018047      0.011789      0.021556     16.577015      0.018047      0.011789
