          25

0.600D+02      0.407038      0.062101     -0.259388      0.266718    -38.268045      0.062101      0.259388
0.550D+02      0.371662      0.051027     -0.241800      0.247125    -39.041897      0.051027      0.241800
0.500D+02      0.343578      0.043375     -0.225854      0.229981    -39.564351      0.043375      0.225854
0.450D+02      0.321654      0.038480     -0.211269      0.214744    -39.838765      0.038480      0.211269
0.400D+02      0.304899      0.035809     -0.197767      0.200983    -39.868426      0.035809      0.197767
0.350D+02      0.292487      0.034960     -0.185104      0.188377    -39.652374      0.034960      0.185104
0.300D+02      0.283758      0.035629     -0.173074      0.176704    -39.183752      0.035629      0.173074
0.250D+02      0.278185      0.037585     -0.161502      0.165818    -38.449590      0.037585      0.161502
0.200D+02      0.275349      0.040644     -0.150241      0.155642    -37.431200      0.040644      0.150241
0.150D+02      0.274926      0.044656     -0.139168      0.146157    -36.104895      0.044656      0.139168
0.100D+02      0.276668      0.049494     -0.128177      0.137401    -34.443197      0.049494      0.128177
0.500D+01      0.280391      0.055051     -0.117171      0.129460    -32.417086      0.055051      0.117171
0.000D+00      0.285956      0.061231     -0.106056      0.122463    -29.999999      0.061231      0.106056
0.500D+01      0.293264      0.067948     -0.094729      0.116579    -27.174310      0.067948      0.094729
0.100D+02      0.302251      0.075123     -0.083082      0.112009    -23.940078      0.075123      0.083082
0.150D+02      0.312892      0.082684     -0.070992      0.108980    -20.324608      0.082684      0.070992
0.200D+02      0.325206      0.090570     -0.058321      0.107723    -16.389305      0.090570      0.058321
0.250D+02      0.339264      0.098727     -0.044903      0.108459    -12.228365      0.098727      0.044903
0.300D+02      0.355197      0.107117     -0.030539      0.111385     -7.956507      0.107117      0.030539
0.350D+02      0.373211      0.115717     -0.014984      0.116683     -3.689011      0.115717      0.014984
0.400D+02      0.393603      0.124536      0.002073      0.124553      0.476748      0.124536      0.002073
0.450D+02      0.416782      0.133622      0.021019      0.135265      4.469704      0.133622      0.021019
0.500D+02      0.443277      0.143086      0.042339      0.149218      8.241704      0.143086      0.042339
0.550D+02      0.473735      0.153108      0.066626      0.166976     11.758265      0.153108      0.066626
0.600D+02      0.508859      0.163927      0.094586      0.189258     14.992512      0.163927      0.094586
