          25

0.600D+02      0.095379     -0.076380      0.000000      0.076380     90.000000      0.076380      0.000000
0.550D+02      0.115124     -0.088270      0.000000      0.088270     90.000000      0.088270      0.000000
0.500D+02      0.137355     -0.097623      0.000000      0.097623     90.000000      0.097623      0.000000
0.450D+02      0.158054     -0.101472      0.000000      0.101472     90.000000      0.101472      0.000000
0.400D+02      0.173028     -0.098153      0.000000      0.098153     90.000000      0.098153      0.000000
0.350D+02      0.178928     -0.087874      0.000000      0.087874     90.000000      0.087874      0.000000
0.300D+02      0.174177     -0.072568      0.000000      0.072568     90.000000      0.072568      0.000000
0.250D+02      0.159435     -0.055146      0.000000      0.055146     90.000000      0.055146      0.000000
0.200D+02      0.137407     -0.038498      0.000000      0.038498     90.000000      0.038498      0.000000
0.150D+02      0.112030     -0.024686      0.000000      0.024686     90.000000      0.024686      0.000000
0.100D+02      0.087336     -0.014597      0.000000      0.014597     90.000000      0.014597      0.000000
0.500D+01      0.066422     -0.008064      0.000000      0.008064     90.000000      0.008064      0.000000
0.000D+00      0.050871     -0.004297      0.000000      0.004297     90.000000      0.004297      0.000000
0.500D+01      0.040754     -0.002348     -0.000000      0.002348     90.000004      0.002348      0.000000
0.100D+02      0.035102     -0.001435     -0.000000      0.001435     90.000005      0.001435      0.000000
0.150D+02      0.032543     -0.001057     -0.000000      0.001057     90.000006      0.001057      0.000000
0.200D+02      0.031827     -0.000962     -0.000000      0.000962     90.000005      0.000962      0.000000
0.250D+02      0.032058     -0.001065     -0.000000      0.001065     90.000003      0.001065      0.000000
0.300D+02      0.032662     -0.001376     -0.000000      0.001376     90.000001      0.001376      0.000000
0.350D+02      0.033393     -0.001940      0.000000      0.001940     90.000000      0.001940      0.000000
0.400D+02      0.034329     -0.002836      0.000000      0.002836     89.999999      0.002836      0.000000
0.450D+02      0.035647     -0.004179      0.000000      0.004179     89.999999      0.004179      0.000000
0.500D+02      0.037545     -0.006141      0.000000      0.006141     89.999999      0.006141      0.000000
0.550D+02      0.040266     -0.008939      0.000000      0.008939     89.999999      0.008939      0.000000
0.600D+02      0.044111     -0.012820      0.000000      0.012820     89.999999      0.012820      0.000000
