          25

0.600D+02      0.060138     -0.029879     -0.035265      0.046220    114.863222      0.029879      0.035265
0.550D+02      0.054829     -0.024435     -0.030314      0.038935    115.564497      0.024435      0.030314
0.500D+02      0.052145     -0.020113     -0.026792      0.033502    116.552361      0.020113      0.026792
0.450D+02      0.051992     -0.016708     -0.024440      0.029605    117.821452      0.016708      0.024440
0.400D+02      0.054413     -0.013970     -0.023024      0.026931    119.375937      0.013970      0.023024
0.350D+02      0.059230     -0.011582     -0.022220      0.025058    121.235068      0.011582      0.022220
0.300D+02      0.065737     -0.009212     -0.021584      0.023468    123.443589      0.009212      0.021584
0.250D+02      0.072618     -0.006643     -0.020639      0.021682    126.078941      0.006643      0.020639
0.200D+02      0.078228     -0.003873     -0.019037      0.019426    129.250212      0.003873      0.019037
0.150D+02      0.081121     -0.001113     -0.016680      0.016717    133.091544      0.001113      0.016680
0.100D+02      0.080593      0.001324     -0.013749      0.013813    -42.250307      0.001324      0.013749
0.500D+01      0.076949      0.003182     -0.010594      0.011062    -36.641201      0.003182      0.010594
0.000D+00      0.071344      0.004374     -0.007576      0.008748    -29.999998      0.004374      0.007576
0.500D+01      0.065302      0.004981     -0.004922      0.007003    -22.331812      0.004981      0.004922
0.100D+02      0.060145      0.005169     -0.002680      0.005823    -13.703171      0.005169      0.002680
0.150D+02      0.056623      0.005088     -0.000748      0.005143     -4.181534      0.005088      0.000748
0.200D+02      0.054855      0.004806      0.001037      0.004917      6.088484      0.004806      0.001037
0.250D+02      0.054540      0.004311      0.002828      0.005156     16.629846      0.004311      0.002828
0.300D+02      0.055248      0.003543      0.004736      0.005915     26.601308      0.003543      0.004736
0.350D+02      0.056648      0.002420      0.006845      0.007260     35.264508      0.002420      0.006845
0.400D+02      0.058602      0.000851      0.009234      0.009273     42.367012      0.000851      0.009234
0.450D+02      0.061160     -0.001277      0.012015      0.012083     48.033421      0.001277      0.012015
0.500D+02      0.064537     -0.004118      0.015362      0.015905     52.502672      0.004118      0.015362
0.550D+02      0.069099     -0.007882      0.019540      0.021069     55.984386      0.007882      0.019540
0.600D+02      0.075394     -0.012854      0.024948      0.028065     58.629815      0.012854      0.024948
