          25

0.600D+02      0.034933     -0.015681     -0.009864      0.018526    106.085970      0.015681      0.009864
0.550D+02      0.032224     -0.012566     -0.008381      0.015105    106.850668      0.012566      0.008381
0.500D+02      0.031343     -0.010224     -0.007708      0.012804    108.506544      0.010224      0.007708
0.450D+02      0.032424     -0.008574     -0.007752      0.011559    111.059448      0.008574      0.007752
0.400D+02      0.035616     -0.007425     -0.008378      0.011195    114.225324      0.007425      0.008378
0.350D+02      0.040795     -0.006492     -0.009334      0.011369    117.590480      0.006492      0.009334
0.300D+02      0.047312     -0.005465     -0.010239      0.011607    120.954342      0.005465      0.010239
0.250D+02      0.053942     -0.004146     -0.010684      0.011460    124.396312      0.004146      0.010684
0.200D+02      0.059155     -0.002537     -0.010377      0.010682    128.130122      0.002537      0.010377
0.150D+02      0.061620     -0.000845     -0.009262      0.009301    132.392554      0.000845      0.009262
0.100D+02      0.060714      0.000632     -0.007542      0.007569    -42.605403      0.000632      0.007542
0.500D+01      0.056759      0.001656     -0.005575      0.005815    -36.728314      0.001656      0.005575
0.000D+00      0.050871      0.002148     -0.003721      0.004297    -29.999998      0.002148      0.003721
0.500D+01      0.044504      0.002193     -0.002217      0.003118    -22.656955      0.002193      0.002217
0.100D+02      0.038911      0.001954     -0.001123      0.002254    -14.947628      0.001954      0.001123
0.150D+02      0.034801      0.001581     -0.000365      0.001623     -6.492467      0.001581      0.000365
0.200D+02      0.032283      0.001149      0.000192      0.001165      4.753884      0.001149      0.000192
0.250D+02      0.031060      0.000656      0.000668      0.000936     22.767780      0.000656      0.000668
0.300D+02      0.030708      0.000054      0.001142      0.001143     43.635213      0.000054      0.001142
0.350D+02      0.030890     -0.000722      0.001660      0.001810     56.758845      0.000722      0.001660
0.400D+02      0.031438     -0.001752      0.002261      0.002861     63.886680      0.001752      0.002261
0.450D+02      0.032357     -0.003132      0.003008      0.004342     68.080342      0.003132      0.003008
0.500D+02      0.033775     -0.004986      0.004004      0.006395     70.616479      0.004986      0.004004
0.550D+02      0.035912     -0.007464      0.005414      0.009221     72.023107      0.007464      0.005414
0.600D+02      0.039052     -0.010727      0.007466      0.013070     72.581296      0.010727      0.007466
