          25

0.600D+02      0.005732     -0.003689     -0.001848      0.004126    103.303845      0.003689      0.001848
0.550D+02      0.005008     -0.002833     -0.001547      0.003228    104.317730      0.002833      0.001547
0.500D+02      0.005570     -0.002483     -0.001818      0.003078    108.105071      0.002483      0.001818
0.450D+02      0.007829     -0.002582     -0.002694      0.003732    113.103820      0.002582      0.002694
0.400D+02      0.012178     -0.002962     -0.004119      0.005074    117.138533      0.002962      0.004119
0.350D+02      0.018632     -0.003335     -0.005859      0.006742    120.177318      0.003335      0.005859
0.300D+02      0.026514     -0.003375     -0.007497      0.008221    122.881568      0.003375      0.007497
0.250D+02      0.034413     -0.002874     -0.008555      0.009025    125.715256      0.002874      0.008555
0.200D+02      0.040513     -0.001858     -0.008689      0.008886    128.963862      0.001858      0.008689
0.150D+02      0.043227     -0.000592     -0.007841      0.007863    132.841199      0.000592      0.007841
0.100D+02      0.041816      0.000556     -0.006256      0.006280    -42.460025      0.000556      0.006256
0.500D+01      0.036687      0.001292     -0.004372      0.004559    -36.769583      0.001292      0.004372
0.000D+00      0.029210      0.001519     -0.002631      0.003038    -30.000000      0.001519      0.002631
0.500D+01      0.021161      0.001341     -0.001321      0.001882    -22.277494      0.001341      0.001321
0.100D+02      0.014070      0.000962     -0.000515      0.001091    -14.072694      0.000962      0.000515
0.150D+02      0.008797      0.000567     -0.000122      0.000580     -6.047875      0.000567      0.000122
0.200D+02      0.005462      0.000254      0.000020      0.000255      2.199889      0.000254      0.000020
0.250D+02      0.003687      0.000032      0.000052      0.000061     29.301587      0.000032      0.000052
0.300D+02      0.002923     -0.000141      0.000064      0.000155     77.744541      0.000141      0.000064
0.350D+02      0.002713     -0.000317      0.000094      0.000331     81.730891      0.000317      0.000094
0.400D+02      0.002785     -0.000545      0.000158      0.000567     81.927677      0.000545      0.000158
0.450D+02      0.003043     -0.000871      0.000273      0.000913     81.286302      0.000871      0.000273
0.500D+02      0.003508     -0.001359      0.000481      0.001442     80.249082      0.001359      0.000481
0.550D+02      0.004277     -0.002090      0.000852      0.002257     78.905810      0.002090      0.000852
0.600D+02      0.005498     -0.003162      0.001496      0.003498     77.337126      0.003162      0.001496
