          25

0.600D+02      0.085695     -0.072608      0.000000      0.072608     90.000000      0.072608      0.000000
0.550D+02      0.110268     -0.088553      0.000000      0.088553     90.000000      0.088553      0.000000
0.500D+02      0.136958     -0.101281      0.000000      0.101281     90.000000      0.101281      0.000000
0.450D+02      0.161324     -0.107385      0.000000      0.107385     90.000000      0.107385      0.000000
0.400D+02      0.178691     -0.104986      0.000000      0.104986     90.000000      0.104986      0.000000
0.350D+02      0.185327     -0.094366      0.000000      0.094366     90.000000      0.094366      0.000000
0.300D+02      0.179506     -0.077795      0.000000      0.077795     90.000000      0.077795      0.000000
0.250D+02      0.162056     -0.058657      0.000000      0.058657     90.000000      0.058657      0.000000
0.200D+02      0.136145     -0.040305      0.000000      0.040305     90.000000      0.040305      0.000000
0.150D+02      0.106341     -0.025131      0.000000      0.025131     90.000000      0.025131      0.000000
0.100D+02      0.077320     -0.014160      0.000000      0.014160     90.000000      0.014160      0.000000
0.500D+01      0.052665     -0.007201      0.000000      0.007201     90.000000      0.007201      0.000000
0.000D+00      0.034210     -0.003340      0.000000      0.003340     90.000000      0.003340      0.000000
0.500D+01      0.022039     -0.001482     -0.000000      0.001482     90.000002      0.001482      0.000000
0.100D+02      0.015034     -0.000720     -0.000000      0.000720     90.000004      0.000720      0.000000
0.150D+02      0.011608     -0.000469     -0.000000      0.000469     90.000005      0.000469      0.000000
0.200D+02      0.010314     -0.000434     -0.000000      0.000434     90.000004      0.000434      0.000000
0.250D+02      0.010111     -0.000504     -0.000000      0.000504     90.000003      0.000504      0.000000
0.300D+02      0.010290     -0.000668     -0.000000      0.000668     90.000001      0.000668      0.000000
0.350D+02      0.010499     -0.000952     -0.000000      0.000952     90.000000      0.000952      0.000000
0.400D+02      0.010817     -0.001401      0.000000      0.001401     90.000000      0.001401      0.000000
0.450D+02      0.011406     -0.002088      0.000000      0.002088     89.999999      0.002088      0.000000
0.500D+02      0.012399     -0.003129      0.000000      0.003129     89.999999      0.003129      0.000000
0.550D+02      0.013969     -0.004687      0.000000      0.004687     89.999999      0.004687      0.000000
0.600D+02      0.016347     -0.006957      0.000000      0.006957     89.999999      0.006957      0.000000
