          25

0.600D+02      0.891167     -0.724695      0.000000      0.724695     90.000000      0.724695      0.000000
0.550D+02      0.690902     -0.588840      0.000000      0.588840     90.000000      0.588840      0.000000
0.500D+02      0.517830     -0.451331      0.000000      0.451331     90.000000      0.451331      0.000000
0.450D+02      0.380118     -0.331388      0.000000      0.331388     90.000000      0.331388      0.000000
0.400D+02      0.278669     -0.238675      0.000000      0.238675     90.000000      0.238675      0.000000
0.350D+02      0.209471     -0.174225      0.000000      0.174225     90.000000      0.174225      0.000000
0.300D+02      0.166004     -0.133362      0.000000      0.133362     90.000000      0.133362      0.000000
0.250D+02      0.141245     -0.109116      0.000000      0.109116     90.000000      0.109116      0.000000
0.200D+02      0.129013     -0.094867      0.000000      0.094867     90.000000      0.094867      0.000000
0.150D+02      0.124628     -0.085712      0.000000      0.085712     90.000000      0.085712      0.000000
0.100D+02      0.124994     -0.078672      0.000000      0.078672     90.000000      0.078672      0.000000
0.500D+01      0.128326     -0.072254      0.000000      0.072254     90.000000      0.072254      0.000000
0.000D+00      0.133723     -0.065857      0.000000      0.065857     90.000000      0.065857      0.000000
0.500D+01      0.140793     -0.059316     -0.000000      0.059316     90.000002      0.059316      0.000000
0.100D+02      0.149386     -0.052635     -0.000000      0.052635     90.000002      0.052635      0.000000
0.150D+02      0.159470     -0.045883     -0.000000      0.045883     90.000002      0.045883      0.000000
0.200D+02      0.171075     -0.039152     -0.000000      0.039152     90.000002      0.039152      0.000000
0.250D+02      0.184289     -0.032559     -0.000000      0.032559     90.000002      0.032559      0.000000
0.300D+02      0.199273     -0.026245     -0.000000      0.026245     90.000003      0.026245      0.000000
0.350D+02      0.216291     -0.020386     -0.000000      0.020386     90.000003      0.020386      0.000000
0.400D+02      0.235752     -0.015197     -0.000000      0.015197     90.000004      0.015197      0.000000
0.450D+02      0.258277     -0.010944     -0.000000      0.010944     90.000004      0.010944      0.000000
0.500D+02      0.284776     -0.007929     -0.000000      0.007929     90.000004      0.007929      0.000000
0.550D+02      0.316566     -0.006468     -0.000000      0.006468     90.000003      0.006468      0.000000
0.600D+02      0.355543     -0.006844      0.000000      0.006844     90.000000      0.006844      0.000000
