          25

0.600D+02      0.015059     -0.007475     -0.004394      0.008671    105.225319      0.007475      0.004394
0.550D+02      0.013397     -0.005819     -0.003635      0.006861    105.996049      0.005819      0.003635
0.500D+02      0.013240     -0.004800     -0.003558      0.005975    108.275858      0.004800      0.003558
0.450D+02      0.014902     -0.004338     -0.004144      0.005999    111.846513      0.004338      0.004144
0.400D+02      0.018689     -0.004246     -0.005305      0.006795    115.664166      0.004246      0.005305
0.350D+02      0.024570     -0.004227     -0.006795      0.008002    119.057873      0.004227      0.006795
0.300D+02      0.031873     -0.003956     -0.008205      0.009109    122.130492      0.003956      0.008205
0.250D+02      0.039242     -0.003222     -0.009077      0.009632    125.228163      0.003222      0.009077
0.200D+02      0.044945     -0.002044     -0.009083      0.009310    128.657865      0.002044      0.009083
0.150D+02      0.047473     -0.000666     -0.008162      0.008189    132.667130      0.000666      0.008162
0.100D+02      0.046120      0.000565     -0.006547      0.006571    -42.531808      0.000565      0.006547
0.500D+01      0.041268      0.001374     -0.004652      0.004850    -36.771577      0.001374      0.004652
0.000D+00      0.034210      0.001670     -0.002892      0.003340    -29.999999      0.001670      0.002892
0.500D+01      0.026622      0.001550     -0.001540      0.002185    -22.402718      0.001550      0.001540
0.100D+02      0.019953      0.001208     -0.000665      0.001379    -14.408612      0.001208      0.000665
0.150D+02      0.015013      0.000818     -0.000179      0.000837     -6.166192      0.000818      0.000179
0.200D+02      0.011919      0.000469      0.000070      0.000474      4.270835      0.000469      0.000070
0.250D+02      0.010317      0.000168      0.000220      0.000277     26.287862      0.000168      0.000220
0.300D+02      0.009700     -0.000129      0.000355      0.000377     55.006364      0.000129      0.000355
0.350D+02      0.009645     -0.000481      0.000517      0.000706     66.474072      0.000481      0.000517
0.400D+02      0.009919     -0.000947      0.000730      0.001196     71.179119      0.000947      0.000730
0.450D+02      0.010459     -0.001597      0.001031      0.001901     73.572881      0.001597      0.001031
0.500D+02      0.011328     -0.002520      0.001484      0.002925     74.751696      0.002520      0.001484
0.550D+02      0.012676     -0.003835      0.002200      0.004422     75.078192      0.003835      0.002200
0.600D+02      0.014711     -0.005676      0.003341      0.006586     74.758152      0.005676      0.003341
