          25

0.600D+02      0.017379     -0.004959     -0.007494      0.008986    118.253531      0.004959      0.007494
0.550D+02      0.014268     -0.003969     -0.006037      0.007225    118.337749      0.003969      0.006037
0.500D+02      0.012330     -0.002990     -0.005115      0.005925    119.847308      0.002990      0.005115
0.450D+02      0.011135     -0.002126     -0.004516      0.004991    122.397369      0.002126      0.004516
0.400D+02      0.010404     -0.001402     -0.004106      0.004339    125.571729      0.001402      0.004106
0.350D+02      0.009969     -0.000807     -0.003810      0.003895    129.021727      0.000807      0.003810
0.300D+02      0.009723     -0.000315     -0.003576      0.003590    132.482647      0.000315      0.003576
0.250D+02      0.009575      0.000092     -0.003357      0.003358    -44.215198      0.000092      0.003357
0.200D+02      0.009446      0.000424     -0.003114      0.003143    -41.119599      0.000424      0.003114
0.150D+02      0.009292      0.000688     -0.002838      0.002920    -38.186722      0.000688      0.002838
0.100D+02      0.009119      0.000890     -0.002544      0.002696    -35.360124      0.000890      0.002544
0.500D+01      0.008962      0.001042     -0.002261      0.002489    -32.624429      0.001042      0.002261
0.000D+00      0.008857      0.001156     -0.002002      0.002312    -29.999997      0.001156      0.002002
0.500D+01      0.008817      0.001237     -0.001769      0.002159    -27.515653      0.001237      0.001769
0.100D+02      0.008835      0.001287     -0.001553      0.002017    -25.181074      0.001287      0.001553
0.150D+02      0.008901      0.001299     -0.001343      0.001869    -22.976603      0.001299      0.001343
0.200D+02      0.009009      0.001269     -0.001132      0.001701    -20.857915      0.001269      0.001132
0.250D+02      0.009162      0.001187     -0.000909      0.001495    -18.720767      0.001187      0.000909
0.300D+02      0.009372      0.001038     -0.000662      0.001232    -16.265153      0.001038      0.000662
0.350D+02      0.009667      0.000801     -0.000368      0.000882    -12.338603      0.000801      0.000368
0.400D+02      0.010097      0.000446      0.000015      0.000446      0.994767      0.000446      0.000015
0.450D+02      0.010755     -0.000067      0.000565      0.000569     48.383615      0.000067      0.000565
0.500D+02      0.011807     -0.000771      0.001409      0.001606     59.353546      0.000771      0.001409
0.550D+02      0.013521     -0.001676      0.002752      0.003222     60.674381      0.001676      0.002752
0.600D+02      0.016298     -0.002726      0.004889      0.005598     59.570259      0.002726      0.004889
