          25

0.600D+02      0.033934     -0.009829     -0.015348      0.018226    118.682521      0.009829      0.015348
0.550D+02      0.029545     -0.008049     -0.013229      0.015486    119.341313      0.008049      0.013229
0.500D+02      0.026928     -0.006201     -0.011822      0.013349    121.160333      0.006201      0.011822
0.450D+02      0.025462     -0.004489     -0.010848      0.011740    123.760379      0.004489      0.010848
0.400D+02      0.024716     -0.002988     -0.010121      0.010553    126.774799      0.002988      0.010121
0.350D+02      0.024415     -0.001704     -0.009526      0.009678    129.928668      0.001704      0.009526
0.300D+02      0.024383     -0.000611     -0.008992      0.009013    133.056089      0.000611      0.008992
0.250D+02      0.024496      0.000319     -0.008465      0.008471    -43.919385      0.000319      0.008465
0.200D+02      0.024660      0.001109     -0.007909      0.007986    -41.008496      0.001109      0.007909
0.150D+02      0.024825      0.001773     -0.007312      0.007524    -38.185079      0.001773      0.007312
0.100D+02      0.024985      0.002325     -0.006690      0.007083    -35.418192      0.002325      0.006690
0.500D+01      0.025164      0.002779     -0.006064      0.006670    -32.691169      0.002779      0.006064
0.000D+00      0.025386      0.003145     -0.005447      0.006290    -29.999997      0.003145      0.005447
0.500D+01      0.025662      0.003429     -0.004841      0.005932    -27.345426      0.003429      0.004841
0.100D+02      0.025985      0.003628     -0.004239      0.005580    -24.721097      0.003628      0.004239
0.150D+02      0.026352      0.003735     -0.003633      0.005211    -22.102119      0.003735      0.003633
0.200D+02      0.026761      0.003738     -0.003013      0.004801    -19.433066      0.003738      0.003013
0.250D+02      0.027222      0.003618     -0.002365      0.004323    -16.585749      0.003618      0.002365
0.300D+02      0.027761      0.003350     -0.001668      0.003742    -13.238888      0.003350      0.001668
0.350D+02      0.028423      0.002895     -0.000882      0.003026     -8.475718      0.002895      0.000882
0.400D+02      0.029290      0.002206      0.000064      0.002207      0.829762      0.002206      0.000064
0.450D+02      0.030512      0.001231      0.001291      0.001784     23.189267      0.001231      0.001291
0.500D+02      0.032333     -0.000068      0.002994      0.002995     45.655019      0.000068      0.002994
0.550D+02      0.035134     -0.001676      0.005461      0.005713     53.531318      0.001676      0.005461
0.600D+02      0.039459     -0.003473      0.009086      0.009727     55.460766      0.003473      0.009086
