          25

0.600D+02      0.093986     -0.067898      0.000000      0.067898     90.000000      0.067898      0.000000
0.550D+02      0.102842     -0.072190      0.000000      0.072190     90.000000      0.072190      0.000000
0.500D+02      0.114338     -0.075192      0.000000      0.075192     90.000000      0.075192      0.000000
0.450D+02      0.125721     -0.075106      0.000000      0.075106     90.000000      0.075106      0.000000
0.400D+02      0.134152     -0.070902      0.000000      0.070902     90.000000      0.070902      0.000000
0.350D+02      0.137356     -0.062689      0.000000      0.062689     90.000000      0.062689      0.000000
0.300D+02      0.134208     -0.051636      0.000000      0.051636     90.000000      0.051636      0.000000
0.250D+02      0.125016     -0.039521      0.000000      0.039521     90.000000      0.039521      0.000000
0.200D+02      0.111397     -0.028113      0.000000      0.028113     90.000000      0.028113      0.000000
0.150D+02      0.095757     -0.018672      0.000000      0.018672     90.000000      0.018672      0.000000
0.100D+02      0.080584     -0.011731      0.000000      0.011731     90.000000      0.011731      0.000000
0.500D+01      0.067792     -0.007169      0.000000      0.007169     90.000000      0.007169      0.000000
0.000D+00      0.058361     -0.004486      0.000000      0.004486     90.000000      0.004486      0.000000
0.500D+01      0.052336     -0.003083     -0.000000      0.003083     90.000004      0.003083      0.000000
0.100D+02      0.049120     -0.002473     -0.000000      0.002473     90.000005      0.002473      0.000000
0.150D+02      0.047871     -0.002345     -0.000000      0.002345     90.000005      0.002345      0.000000
0.200D+02      0.047829     -0.002553     -0.000000      0.002553     90.000004      0.002553      0.000000
0.250D+02      0.048466     -0.003065     -0.000000      0.003065     90.000002      0.003065      0.000000
0.300D+02      0.049479     -0.003914     -0.000000      0.003914     90.000001      0.003914      0.000000
0.350D+02      0.050779     -0.005175     -0.000000      0.005175     90.000001      0.005175      0.000000
0.400D+02      0.052483     -0.006957     -0.000000      0.006957     90.000000      0.006957      0.000000
0.450D+02      0.054796     -0.009409      0.000000      0.009409     90.000000      0.009409      0.000000
0.500D+02      0.057965     -0.012716      0.000000      0.012716     89.999999      0.012716      0.000000
0.550D+02      0.062291     -0.017081      0.000000      0.017081     89.999999      0.017081      0.000000
0.600D+02      0.068120     -0.022689      0.000000      0.022689     89.999999      0.022689      0.000000
