          25

0.600D+02      0.283758     -0.103046     -0.143564      0.176717    117.165194      0.103046      0.143564
0.550D+02      0.270857     -0.090162     -0.129568      0.157851    117.583738      0.090162      0.129568
0.500D+02      0.261931     -0.077455     -0.116995      0.140311    118.246857      0.077455      0.116995
0.450D+02      0.256540     -0.065167     -0.105686      0.124162    119.170696      0.065167      0.105686
0.400D+02      0.254264     -0.053432     -0.095449      0.109387    120.380078      0.053432      0.095449
0.350D+02      0.254650     -0.042294     -0.086053      0.095885    121.913313      0.042294      0.086053
0.300D+02      0.257129     -0.031751     -0.077237      0.083508    123.826484      0.031751      0.077237
0.250D+02      0.260975     -0.021808     -0.068731      0.072108    126.198004      0.021808      0.068731
0.200D+02      0.265378     -0.012525     -0.060317      0.061603    129.134545      0.012525      0.060317
0.150D+02      0.269616     -0.004030     -0.051867      0.052023    132.778701      0.004030      0.051867
0.100D+02      0.273242      0.003514     -0.043356      0.043498    -42.683341      0.003514      0.043356
0.500D+01      0.276184      0.009957     -0.034828      0.036223    -37.022457      0.009957      0.034828
0.000D+00      0.278702      0.015207     -0.026340      0.030415    -29.999998      0.015207      0.026340
0.500D+01      0.281226      0.019228     -0.017908      0.026275    -21.482020      0.019228      0.017908
0.100D+02      0.284154      0.022013     -0.009486      0.023969    -11.655994      0.022013      0.009486
0.150D+02      0.287724      0.023550     -0.000974      0.023570     -1.183998      0.023550      0.000974
0.200D+02      0.291993      0.023801      0.007756      0.025032      9.024256      0.023801      0.007756
0.250D+02      0.296909      0.022696      0.016839      0.028260     18.286130      0.022696      0.016839
0.300D+02      0.302415      0.020147      0.026412      0.033219     26.332267      0.020147      0.026412
0.350D+02      0.308528      0.016052      0.036624      0.039987     33.166613      0.016052      0.036624
0.400D+02      0.315368      0.010302      0.047647      0.048748     38.899688      0.010302      0.047647
0.450D+02      0.323156      0.002782      0.059688      0.059753     43.665721      0.002782      0.059688
0.500D+02      0.332182     -0.006627      0.073001      0.073301     47.593598      0.006627      0.073001
0.550D+02      0.342767     -0.018035      0.087875      0.089706     50.799183      0.018035      0.087875
0.600D+02      0.355197     -0.031531      0.104613      0.109261     53.386613      0.031531      0.104613
