          25

0.600D+02      1.354546     -1.239289      0.000000      1.239289     90.000000      1.239289      0.000000
0.550D+02      0.974717     -0.931567      0.000000      0.931567     90.000000      0.931567      0.000000
0.500D+02      0.667721     -0.653413      0.000000      0.653413     90.000000      0.653413      0.000000
0.450D+02      0.434958     -0.427154      0.000000      0.427154     90.000000      0.427154      0.000000
0.400D+02      0.270031     -0.261047      0.000000      0.261047     90.000000      0.261047      0.000000
0.350D+02      0.161315     -0.150970      0.000000      0.150970     90.000000      0.150970      0.000000
0.300D+02      0.095079     -0.085220      0.000000      0.085220     90.000000      0.085220      0.000000
0.250D+02      0.058140     -0.049850      0.000000      0.049850     90.000000      0.049850      0.000000
0.200D+02      0.039579     -0.032610      0.000000      0.032610     90.000000      0.032610      0.000000
0.150D+02      0.031451     -0.024760      0.000000      0.024760     90.000000      0.024760      0.000000
0.100D+02      0.028674     -0.021088      0.000000      0.021088     90.000000      0.021088      0.000000
0.500D+01      0.028416     -0.018985      0.000000      0.018985     90.000000      0.018985      0.000000
0.000D+00      0.029321     -0.017367      0.000000      0.017367     90.000000      0.017367      0.000000
0.500D+01      0.030841     -0.015866     -0.000000      0.015866     90.000001      0.015866      0.000000
0.100D+02      0.032798     -0.014391     -0.000000      0.014391     90.000001      0.014391      0.000000
0.150D+02      0.035153     -0.012936     -0.000000      0.012936     90.000002      0.012936      0.000000
0.200D+02      0.037920     -0.011521     -0.000000      0.011521     90.000002      0.011521      0.000000
0.250D+02      0.041136     -0.010175     -0.000000      0.010175     90.000002      0.010175      0.000000
0.300D+02      0.044870     -0.008942     -0.000000      0.008942     90.000002      0.008942      0.000000
0.350D+02      0.049232     -0.007880     -0.000000      0.007880     90.000002      0.007880      0.000000
0.400D+02      0.054396     -0.007077     -0.000000      0.007077     90.000003      0.007077      0.000000
0.450D+02      0.060643     -0.006657     -0.000000      0.006657     90.000003      0.006657      0.000000
0.500D+02      0.068405     -0.006795     -0.000000      0.006795     90.000002      0.006795      0.000000
0.550D+02      0.078347     -0.007717     -0.000000      0.007717     90.000002      0.007717      0.000000
0.600D+02      0.091513     -0.009692     -0.000000      0.009692     90.000001      0.009692      0.000000
