          25

0.600D+02      0.055383     -0.024892     -0.012611      0.027904    103.433660      0.024892      0.012611
0.550D+02      0.050737     -0.020198     -0.010526      0.022776    103.763034      0.020198      0.010526
0.500D+02      0.048172     -0.016243     -0.009283      0.018708    104.873726      0.016243      0.009283
0.450D+02      0.047553     -0.013023     -0.008729      0.015677    106.916302      0.013023      0.008729
0.400D+02      0.048777     -0.010425     -0.008700      0.013579    109.922748      0.010425      0.008700
0.350D+02      0.051607     -0.008253     -0.008977      0.012194    113.703357      0.008253      0.008977
0.300D+02      0.055513     -0.006285     -0.009280      0.011208    117.946099      0.006285      0.009280
0.250D+02      0.059639     -0.004367     -0.009325      0.010297    122.453224      0.004367      0.009325
0.200D+02      0.062970     -0.002476     -0.008913      0.009251    127.237606      0.002476      0.008913
0.150D+02      0.064633     -0.000721     -0.008002      0.008034    132.425943      0.000721      0.008002
0.100D+02      0.064212      0.000727     -0.006711      0.006751    -41.908677      0.000727      0.006711
0.500D+01      0.061891      0.001729     -0.005264      0.005541    -35.908648      0.001729      0.005264
0.000D+00      0.058361      0.002243     -0.003885      0.004486    -29.999998      0.002243      0.003885
0.500D+01      0.054525      0.002324     -0.002720      0.003578    -24.744137      0.002324      0.002720
0.100D+02      0.051171      0.002076     -0.001808      0.002753    -20.524289      0.002076      0.001808
0.150D+02      0.048752      0.001588     -0.001099      0.001931    -17.335125      0.001588      0.001099
0.200D+02      0.047356      0.000900     -0.000506      0.001033    -14.667800      0.000900      0.000506
0.250D+02      0.046825     -0.000003      0.000053      0.000053     46.407742      0.000003      0.000053
0.300D+02      0.046936     -0.001173      0.000641      0.001336     75.664858      0.001173      0.000641
0.350D+02      0.047533     -0.002683      0.001310      0.002986     76.988745      0.002683      0.001310
0.400D+02      0.048592     -0.004624      0.002120      0.005087     77.687428      0.004624      0.002120
0.450D+02      0.050218     -0.007105      0.003162      0.007777     78.005680      0.007105      0.003162
0.500D+02      0.052624     -0.010251      0.004575      0.011226     77.973716      0.010251      0.004575
0.550D+02      0.056103     -0.014185      0.006554      0.015626     77.600645      0.014185      0.006554
0.600D+02      0.061003     -0.019005      0.009346      0.021179     76.907243      0.019005      0.009346
