          25

0.600D+02      0.592322     -0.288452      0.000000      0.288452     90.000000      0.288452      0.000000
0.550D+02      0.516404     -0.280462      0.000000      0.280462     90.000000      0.280462      0.000000
0.500D+02      0.446997     -0.261885      0.000000      0.261885     90.000000      0.261885      0.000000
0.450D+02      0.388183     -0.239774      0.000000      0.239774     90.000000      0.239774      0.000000
0.400D+02      0.341752     -0.218975      0.000000      0.218975     90.000000      0.218975      0.000000
0.350D+02      0.307615     -0.201699      0.000000      0.201699     90.000000      0.201699      0.000000
0.300D+02      0.284477     -0.188038      0.000000      0.188038     90.000000      0.188038      0.000000
0.250D+02      0.270511     -0.176912      0.000000      0.176912     90.000000      0.176912      0.000000
0.200D+02      0.263882     -0.166945      0.000000      0.166945     90.000000      0.166945      0.000000
0.150D+02      0.263054     -0.157017      0.000000      0.157017     90.000000      0.157017      0.000000
0.100D+02      0.266904     -0.146447      0.000000      0.146447     90.000000      0.146447      0.000000
0.500D+01      0.274691     -0.134943      0.000000      0.134943     90.000000      0.134943      0.000000
0.000D+00      0.285956     -0.122463      0.000000      0.122463     90.000000      0.122463      0.000000
0.500D+01      0.300421     -0.109102     -0.000000      0.109102     90.000002      0.109102      0.000000
0.100D+02      0.317911     -0.095015     -0.000000      0.095015     90.000002      0.095015      0.000000
0.150D+02      0.338320     -0.080391     -0.000000      0.080391     90.000002      0.080391      0.000000
0.200D+02      0.361596     -0.065441     -0.000000      0.065441     90.000002      0.065441      0.000000
0.250D+02      0.387743     -0.050401     -0.000000      0.050401     90.000003      0.050401      0.000000
0.300D+02      0.416836     -0.035530     -0.000000      0.035530     90.000004      0.035530      0.000000
0.350D+02      0.449029     -0.021115     -0.000000      0.021115     90.000005      0.021115      0.000000
0.400D+02      0.484583     -0.007467     -0.000000      0.007467     90.000011      0.007467      0.000000
0.450D+02      0.523879      0.005085     -0.000000      0.005085     -0.000012      0.005085      0.000000
0.500D+02      0.567426      0.016201     -0.000000      0.016201     -0.000002      0.016201      0.000000
0.550D+02      0.615841      0.025538     -0.000000      0.025538     -0.000000      0.025538      0.000000
0.600D+02      0.669778      0.032727      0.000000      0.032727      0.000001      0.032727      0.000000
