          25

0.600D+02      1.434886     -1.333387      0.000000      1.333387     90.000000      1.333387      0.000000
0.550D+02      1.012921     -0.982889      0.000000      0.982889     90.000000      0.982889      0.000000
0.500D+02      0.679280     -0.674833      0.000000      0.674833     90.000000      0.674833      0.000000
0.450D+02      0.430189     -0.428728      0.000000      0.428728     90.000000      0.428728      0.000000
0.400D+02      0.255774     -0.250411      0.000000      0.250411     90.000000      0.250411      0.000000
0.350D+02      0.141935     -0.133580      0.000000      0.133580     90.000000      0.133580      0.000000
0.300D+02      0.073178     -0.064684      0.000000      0.064684     90.000000      0.064684      0.000000
0.250D+02      0.035102     -0.028357      0.000000      0.028357     90.000000      0.028357      0.000000
0.200D+02      0.015985     -0.011372      0.000000      0.011372     90.000000      0.011372      0.000000
0.150D+02      0.007401     -0.004391      0.000000      0.004391     90.000000      0.004391      0.000000
0.100D+02      0.004005     -0.001882      0.000000      0.001882     90.000000      0.001882      0.000000
0.500D+01      0.002840     -0.001081      0.000000      0.001081     90.000000      0.001081      0.000000
0.000D+00      0.002505     -0.000836      0.000000      0.000836     90.000000      0.000836      0.000000
0.500D+01      0.002441     -0.000750     -0.000000      0.000750     90.000005      0.000750      0.000000
0.100D+02      0.002468     -0.000714     -0.000000      0.000714     90.000005      0.000714      0.000000
0.150D+02      0.002541     -0.000706     -0.000000      0.000706     90.000005      0.000706      0.000000
0.200D+02      0.002657     -0.000728     -0.000000      0.000728     90.000005      0.000728      0.000000
0.250D+02      0.002827     -0.000791     -0.000000      0.000791     90.000004      0.000791      0.000000
0.300D+02      0.003069     -0.000914     -0.000000      0.000914     90.000003      0.000914      0.000000
0.350D+02      0.003420     -0.001129     -0.000000      0.001129     90.000002      0.001129      0.000000
0.400D+02      0.003944     -0.001493     -0.000000      0.001493     90.000002      0.001493      0.000000
0.450D+02      0.004758     -0.002091     -0.000000      0.002091     90.000001      0.002091      0.000000
0.500D+02      0.006044     -0.003049     -0.000000      0.003049     90.000000      0.003049      0.000000
0.550D+02      0.008077     -0.004529      0.000000      0.004529     89.999999      0.004529      0.000000
0.600D+02      0.011262     -0.006698      0.000000      0.006698     89.999999      0.006698      0.000000
