          25

0.600D+02      1.319951     -1.220821      0.000000      1.220821     90.000000      1.220821      0.000000
0.550D+02      0.933769     -0.900861      0.000000      0.900861     90.000000      0.900861      0.000000
0.500D+02      0.628651     -0.619698      0.000000      0.619698     90.000000      0.619698      0.000000
0.450D+02      0.400932     -0.395059      0.000000      0.395059     90.000000      0.395059      0.000000
0.400D+02      0.241461     -0.232214      0.000000      0.232214     90.000000      0.232214      0.000000
0.350D+02      0.137299     -0.125396      0.000000      0.125396     90.000000      0.125396      0.000000
0.300D+02      0.074287     -0.062254      0.000000      0.062254     90.000000      0.062254      0.000000
0.250D+02      0.039285     -0.028794      0.000000      0.028794     90.000000      0.028794      0.000000
0.200D+02      0.021612     -0.012977      0.000000      0.012977     90.000000      0.012977      0.000000
0.150D+02      0.013590     -0.006303      0.000000      0.006303     90.000000      0.006303      0.000000
0.100D+02      0.010351     -0.003735      0.000000      0.003735     90.000000      0.003735      0.000000
0.500D+01      0.009199     -0.002755      0.000000      0.002755     90.000000      0.002755      0.000000
0.000D+00      0.008857     -0.002312      0.000000      0.002312     90.000000      0.002312      0.000000
0.500D+01      0.008816     -0.002043     -0.000000      0.002043     90.000005      0.002043      0.000000
0.100D+02      0.008910     -0.001850     -0.000000      0.001850     90.000005      0.001850      0.000000
0.150D+02      0.009102     -0.001714     -0.000000      0.001714     90.000005      0.001714      0.000000
0.200D+02      0.009391     -0.001643     -0.000000      0.001643     90.000005      0.001643      0.000000
0.250D+02      0.009795     -0.001656     -0.000000      0.001656     90.000005      0.001656      0.000000
0.300D+02      0.010343     -0.001788     -0.000000      0.001788     90.000004      0.001788      0.000000
0.350D+02      0.011092     -0.002094     -0.000000      0.002094     90.000003      0.002094      0.000000
0.400D+02      0.012143     -0.002665     -0.000000      0.002665     90.000002      0.002665      0.000000
0.450D+02      0.013668     -0.003635     -0.000000      0.003635     90.000001      0.003635      0.000000
0.500D+02      0.015932     -0.005189     -0.000000      0.005189     90.000000      0.005189      0.000000
0.550D+02      0.019326     -0.007549      0.000000      0.007549     89.999999      0.007549      0.000000
0.600D+02      0.024412     -0.010928      0.000000      0.010928     89.999999      0.010928      0.000000
