          25

0.600D+02      0.284477     -0.191323      0.000000      0.191323     90.000000      0.191323      0.000000
0.550D+02      0.273609     -0.183052      0.000000      0.183052     90.000000      0.183052      0.000000
0.500D+02      0.269152     -0.174057      0.000000      0.174057     90.000000      0.174057      0.000000
0.450D+02      0.269219     -0.163543      0.000000      0.163543     90.000000      0.163543      0.000000
0.400D+02      0.271656     -0.150870      0.000000      0.150870     90.000000      0.150870      0.000000
0.350D+02      0.274470     -0.135918      0.000000      0.135918     90.000000      0.135918      0.000000
0.300D+02      0.276253     -0.119189      0.000000      0.119189     90.000000      0.119189      0.000000
0.250D+02      0.276457     -0.101640      0.000000      0.101640     90.000000      0.101640      0.000000
0.200D+02      0.275413     -0.084362      0.000000      0.084362     90.000000      0.084362      0.000000
0.150D+02      0.274079     -0.068249      0.000000      0.068249     90.000000      0.068249      0.000000
0.100D+02      0.273622     -0.053825      0.000000      0.053825     90.000000      0.053825      0.000000
0.500D+01      0.275001     -0.041245      0.000000      0.041245     90.000000      0.041245      0.000000
0.000D+00      0.278702     -0.030415      0.000000      0.030415     90.000000      0.030415      0.000000
0.500D+01      0.284701     -0.021165     -0.000000      0.021165     90.000002      0.021165      0.000000
0.100D+02      0.292608     -0.013369     -0.000000      0.013369     90.000003      0.013369      0.000000
0.150D+02      0.301898     -0.006992     -0.000000      0.006992     90.000004      0.006992      0.000000
0.200D+02      0.312108     -0.002094     -0.000000      0.002094     90.000008      0.002094      0.000000
0.250D+02      0.322925      0.001199     -0.000000      0.001199     -0.000005      0.001199      0.000000
0.300D+02      0.334189      0.002716      0.000000      0.002716      0.000002      0.002716      0.000000
0.350D+02      0.345892      0.002256      0.000000      0.002256      0.000008      0.002256      0.000000
0.400D+02      0.358159     -0.000414      0.000000      0.000414     89.999926      0.000414      0.000000
0.450D+02      0.371179     -0.005556      0.000000      0.005556     89.999992      0.005556      0.000000
0.500D+02      0.385169     -0.013462      0.000000      0.013462     89.999995      0.013462      0.000000
0.550D+02      0.400341     -0.024443      0.000000      0.024443     89.999997      0.024443      0.000000
0.600D+02      0.416836     -0.038816      0.000000      0.038816     89.999997      0.038816      0.000000
