          25

0.600D+02      0.079447     -0.070411      0.000000      0.070411     90.000000      0.070411      0.000000
0.550D+02      0.106725     -0.088369      0.000000      0.088369     90.000000      0.088369      0.000000
0.500D+02      0.135859     -0.102728      0.000000      0.102728     90.000000      0.102728      0.000000
0.450D+02      0.162257     -0.109920      0.000000      0.109920     90.000000      0.109920      0.000000
0.400D+02      0.181062     -0.107994      0.000000      0.107994     90.000000      0.107994      0.000000
0.350D+02      0.188390     -0.097279      0.000000      0.097279     90.000000      0.097279      0.000000
0.300D+02      0.182459     -0.080196      0.000000      0.080196     90.000000      0.080196      0.000000
0.250D+02      0.164172     -0.060339      0.000000      0.060339     90.000000      0.060339      0.000000
0.200D+02      0.136890     -0.041260      0.000000      0.041260     90.000000      0.041260      0.000000
0.150D+02      0.105454     -0.025494      0.000000      0.025494     90.000000      0.025494      0.000000
0.100D+02      0.074810     -0.014128      0.000000      0.014128     90.000000      0.014128      0.000000
0.500D+01      0.048749     -0.006964      0.000000      0.006964     90.000000      0.006964      0.000000
0.000D+00      0.029210     -0.003038      0.000000      0.003038     90.000000      0.003038      0.000000
0.500D+01      0.016284     -0.001194     -0.000000      0.001194     90.000001      0.001194      0.000000
0.100D+02      0.008787     -0.000472     -0.000000      0.000472     90.000002      0.000472      0.000000
0.150D+02      0.005037     -0.000257     -0.000000      0.000257     90.000003      0.000257      0.000000
0.200D+02      0.003499     -0.000232     -0.000000      0.000232     90.000003      0.000232      0.000000
0.250D+02      0.003075     -0.000277     -0.000000      0.000277     90.000002      0.000277      0.000000
0.300D+02      0.003058     -0.000370     -0.000000      0.000370     90.000001      0.000370      0.000000
0.350D+02      0.003097     -0.000521     -0.000000      0.000521     90.000000      0.000521      0.000000
0.400D+02      0.003212     -0.000758      0.000000      0.000758     90.000000      0.000758      0.000000
0.450D+02      0.003498     -0.001125      0.000000      0.001125     90.000000      0.001125      0.000000
0.500D+02      0.004037     -0.001699      0.000000      0.001699     89.999999      0.001699      0.000000
0.550D+02      0.004946     -0.002592      0.000000      0.002592     89.999999      0.002592      0.000000
0.600D+02      0.006392     -0.003941      0.000000      0.003941     89.999999      0.003941      0.000000
