          25

0.600D+02      1.190267     -1.060651      0.000000      1.060651     90.000000      1.060651      0.000000
0.550D+02      0.874790     -0.814018      0.000000      0.814018     90.000000      0.814018      0.000000
0.500D+02      0.614626     -0.584606      0.000000      0.584606     90.000000      0.584606      0.000000
0.450D+02      0.414507     -0.394551      0.000000      0.394551     90.000000      0.394551      0.000000
0.400D+02      0.271051     -0.253103      0.000000      0.253103     90.000000      0.253103      0.000000
0.350D+02      0.175492     -0.158172      0.000000      0.158172     90.000000      0.158172      0.000000
0.300D+02      0.116676     -0.100576      0.000000      0.100576     90.000000      0.100576      0.000000
0.250D+02      0.083559     -0.068784      0.000000      0.068784     90.000000      0.068784      0.000000
0.200D+02      0.066839     -0.052458      0.000000      0.052458     90.000000      0.052458      0.000000
0.150D+02      0.059672     -0.044146      0.000000      0.044146     90.000000      0.044146      0.000000
0.100D+02      0.057643     -0.039380      0.000000      0.039380     90.000000      0.039380      0.000000
0.500D+01      0.058270     -0.035917      0.000000      0.035917     90.000000      0.035917      0.000000
0.000D+00      0.060349     -0.032827      0.000000      0.032827     90.000000      0.032827      0.000000
0.500D+01      0.063388     -0.029805     -0.000000      0.029805     90.000001      0.029805      0.000000
0.100D+02      0.067223     -0.026787     -0.000000      0.026787     90.000002      0.026787      0.000000
0.150D+02      0.071821     -0.023787     -0.000000      0.023787     90.000002      0.023787      0.000000
0.200D+02      0.077207     -0.020846     -0.000000      0.020846     90.000002      0.020846      0.000000
0.250D+02      0.083447     -0.018020     -0.000000      0.018020     90.000002      0.018020      0.000000
0.300D+02      0.090651     -0.015382     -0.000000      0.015382     90.000002      0.015382      0.000000
0.350D+02      0.099000     -0.013036     -0.000000      0.013036     90.000003      0.013036      0.000000
0.400D+02      0.108778     -0.011120     -0.000000      0.011120     90.000003      0.011120      0.000000
0.450D+02      0.120429     -0.009824     -0.000000      0.009824     90.000003      0.009824      0.000000
0.500D+02      0.134621     -0.009396     -0.000000      0.009396     90.000002      0.009396      0.000000
0.550D+02      0.152365     -0.010136     -0.000000      0.010136     90.000002      0.010136      0.000000
0.600D+02      0.175211     -0.012372     -0.000000      0.012372     90.000001      0.012372      0.000000
