          25

0.600D+02      0.116676     -0.101519      0.000000      0.101519     90.000000      0.101519      0.000000
0.550D+02      0.134025     -0.111321      0.000000      0.111321     90.000000      0.111321      0.000000
0.500D+02      0.155319     -0.119272      0.000000      0.119272     90.000000      0.119272      0.000000
0.450D+02      0.176085     -0.121978      0.000000      0.121978     90.000000      0.121978      0.000000
0.400D+02      0.191694     -0.117434      0.000000      0.117434     90.000000      0.117434      0.000000
0.350D+02      0.198390     -0.105641      0.000000      0.105641     90.000000      0.105641      0.000000
0.300D+02      0.194277     -0.088490      0.000000      0.088490     90.000000      0.088490      0.000000
0.250D+02      0.179845     -0.068976      0.000000      0.068976     90.000000      0.068976      0.000000
0.200D+02      0.157803     -0.050151      0.000000      0.050151     90.000000      0.050151      0.000000
0.150D+02      0.132228     -0.034235      0.000000      0.034235     90.000000      0.034235      0.000000
0.100D+02      0.107364     -0.022221      0.000000      0.022221     90.000000      0.022221      0.000000
0.500D+01      0.086501     -0.013990      0.000000      0.013990     90.000000      0.013990      0.000000
0.000D+00      0.071344     -0.008748      0.000000      0.008748     90.000000      0.008748      0.000000
0.500D+01      0.061996     -0.005525     -0.000000      0.005525     90.000001      0.005525      0.000000
0.100D+02      0.057450     -0.003516     -0.000000      0.003516     90.000002      0.003516      0.000000
0.150D+02      0.056270     -0.002213     -0.000000      0.002213     90.000002      0.002213      0.000000
0.200D+02      0.057146     -0.001368     -0.000000      0.001368     90.000003      0.001368      0.000000
0.250D+02      0.059150     -0.000913     -0.000000      0.000913     90.000004      0.000913      0.000000
0.300D+02      0.061672     -0.000873     -0.000000      0.000873     90.000002      0.000873      0.000000
0.350D+02      0.064448     -0.001317     -0.000000      0.001317     90.000001      0.001317      0.000000
0.400D+02      0.067630     -0.002346      0.000000      0.002346     90.000000      0.002346      0.000000
0.450D+02      0.071480     -0.004105      0.000000      0.004105     89.999999      0.004105      0.000000
0.500D+02      0.076289     -0.006807      0.000000      0.006807     89.999999      0.006807      0.000000
0.550D+02      0.082473     -0.010757      0.000000      0.010757     89.999999      0.010757      0.000000
0.600D+02      0.090651     -0.016367      0.000000      0.016367     89.999999      0.016367      0.000000
