          25

0.600D+02      0.506549     -0.454535      0.000000      0.454535     90.000000      0.454535      0.000000
0.550D+02      0.366355     -0.339836      0.000000      0.339836     90.000000      0.339836      0.000000
0.500D+02      0.256426     -0.238811      0.000000      0.238811     90.000000      0.238811      0.000000
0.450D+02      0.174848     -0.157768      0.000000      0.157768     90.000000      0.157768      0.000000
0.400D+02      0.117943     -0.098592      0.000000      0.098592     90.000000      0.098592      0.000000
0.350D+02      0.080863     -0.059275      0.000000      0.059275     90.000000      0.059275      0.000000
0.300D+02      0.058463     -0.035492      0.000000      0.035492     90.000000      0.035492      0.000000
0.250D+02      0.046045     -0.022342      0.000000      0.022342     90.000000      0.022342      0.000000
0.200D+02      0.039829     -0.015599      0.000000      0.015599     90.000000      0.015599      0.000000
0.150D+02      0.037113     -0.012266      0.000000      0.012266     90.000000      0.012266      0.000000
0.100D+02      0.036192     -0.010555      0.000000      0.010555     90.000000      0.010555      0.000000
0.500D+01      0.036127     -0.009558      0.000000      0.009558     90.000000      0.009558      0.000000
0.000D+00      0.036476     -0.008888      0.000000      0.008888     90.000000      0.008888      0.000000
0.500D+01      0.037069     -0.008407     -0.000000      0.008407     90.000005      0.008407      0.000000
0.100D+02      0.037860     -0.008080     -0.000000      0.008080     90.000005      0.008080      0.000000
0.150D+02      0.038849     -0.007918     -0.000000      0.007918     90.000005      0.007918      0.000000
0.200D+02      0.040062     -0.007954     -0.000000      0.007954     90.000005      0.007954      0.000000
0.250D+02      0.041539     -0.008249     -0.000000      0.008249     90.000004      0.008249      0.000000
0.300D+02      0.043343     -0.008891     -0.000000      0.008891     90.000004      0.008891      0.000000
0.350D+02      0.045579     -0.010004     -0.000000      0.010004     90.000003      0.010004      0.000000
0.400D+02      0.048415     -0.011748     -0.000000      0.011748     90.000002      0.011748      0.000000
0.450D+02      0.052111     -0.014307     -0.000000      0.014307     90.000002      0.014307      0.000000
0.500D+02      0.057048     -0.017869     -0.000000      0.017869     90.000001      0.017869      0.000000
0.550D+02      0.063749     -0.022571     -0.000000      0.022571     90.000000      0.022571      0.000000
0.600D+02      0.072889     -0.028436      0.000000      0.028436     90.000000      0.028436      0.000000
