          25

0.600D+02      0.097528      0.008607     -0.076490      0.076973    -41.789847      0.008607      0.076490
0.550D+02      0.084823      0.007212     -0.068276      0.068656    -41.985124      0.007212      0.068276
0.500D+02      0.075903      0.006729     -0.061871      0.062235    -41.896525      0.006729      0.061871
0.450D+02      0.069606      0.006801     -0.056679      0.057086    -41.579022      0.006801      0.056679
0.400D+02      0.065178      0.007233     -0.052319      0.052817    -41.064274      0.007233      0.052319
0.350D+02      0.062133      0.007923     -0.048545      0.049187    -40.365131      0.007923      0.048545
0.300D+02      0.060138      0.008811     -0.045184      0.046035    -39.483026      0.008811      0.045184
0.250D+02      0.058943      0.009854     -0.042103      0.043241    -38.413581      0.009854      0.042103
0.200D+02      0.058354      0.011018     -0.039196      0.040715    -37.149847      0.011018      0.039196
0.150D+02      0.058241      0.012272     -0.036400      0.038413    -35.684157      0.012272      0.036400
0.100D+02      0.058543      0.013597     -0.033684      0.036325    -34.008996      0.013597      0.033684
0.500D+01      0.059246      0.014980     -0.031034      0.034460    -32.116922      0.014980      0.031034
0.000D+00      0.060349      0.016413     -0.028429      0.032827    -29.999999      0.016413      0.028429
0.500D+01      0.061847      0.017890     -0.025836      0.031425    -27.650046      0.017890      0.025836
0.100D+02      0.063728      0.019398     -0.023214      0.030252    -25.058263      0.019398      0.023214
0.150D+02      0.065991      0.020929     -0.020516      0.029308    -22.214504      0.020929      0.020516
0.200D+02      0.068654      0.022475     -0.017695      0.028605    -19.107255      0.022475      0.017695
0.250D+02      0.071763      0.024029     -0.014694      0.028166    -15.722718      0.024029      0.014694
0.300D+02      0.075394      0.025590     -0.011440      0.028031    -12.043758      0.025590      0.011440
0.350D+02      0.079671      0.027158     -0.007838      0.028266     -8.048952      0.027158      0.007838
0.400D+02      0.084785      0.028738     -0.003746      0.028981     -3.713348      0.028738      0.003746
0.450D+02      0.091031      0.030351      0.001041      0.030369      0.982408      0.030351      0.001041
0.500D+02      0.098870      0.032053      0.006836      0.032774      6.019845      0.032053      0.006836
0.550D+02      0.109018      0.033973      0.014109      0.036786     11.276727      0.033973      0.014109
0.600D+02      0.122576      0.036385      0.023563      0.043349     16.463751      0.036385      0.023563
