          25

0.600D+02      0.166004     -0.135637      0.000000      0.135637     90.000000      0.135637      0.000000
0.550D+02      0.172386     -0.137023      0.000000      0.137023     90.000000      0.137023      0.000000
0.500D+02      0.184393     -0.137776      0.000000      0.137776     90.000000      0.137776      0.000000
0.450D+02      0.198138     -0.135183      0.000000      0.135183     90.000000      0.135183      0.000000
0.400D+02      0.209611     -0.127509      0.000000      0.127509     90.000000      0.127509      0.000000
0.350D+02      0.215484     -0.114542      0.000000      0.114542     90.000000      0.114542      0.000000
0.300D+02      0.213889     -0.097575      0.000000      0.097575     90.000000      0.097575      0.000000
0.250D+02      0.204871     -0.078836      0.000000      0.078836     90.000000      0.078836      0.000000
0.200D+02      0.190276     -0.060674      0.000000      0.060674     90.000000      0.060674      0.000000
0.150D+02      0.173107     -0.044850      0.000000      0.044850     90.000000      0.044850      0.000000
0.100D+02      0.156576     -0.032198      0.000000      0.032198     90.000000      0.032198      0.000000
0.500D+01      0.143209     -0.022692      0.000000      0.022692     90.000000      0.022692      0.000000
0.000D+00      0.134328     -0.015775      0.000000      0.015775     90.000000      0.015775      0.000000
0.500D+01      0.130020     -0.010744     -0.000000      0.010744     90.000002      0.010744      0.000000
0.100D+02      0.129512     -0.007017     -0.000000      0.007017     90.000002      0.007017      0.000000
0.150D+02      0.131698     -0.004241     -0.000000      0.004241     90.000003      0.004241      0.000000
0.200D+02      0.135574     -0.002267     -0.000000      0.002267     90.000004      0.002267      0.000000
0.250D+02      0.140441     -0.001092     -0.000000      0.001092     90.000005      0.001092      0.000000
0.300D+02      0.145890     -0.000795     -0.000000      0.000795     90.000002      0.000795      0.000000
0.350D+02      0.151810     -0.001504      0.000000      0.001504     89.999998      0.001504      0.000000
0.400D+02      0.158385     -0.003390      0.000000      0.003390     89.999998      0.003390      0.000000
0.450D+02      0.165935     -0.006682      0.000000      0.006682     89.999998      0.006682      0.000000
0.500D+02      0.174865     -0.011690      0.000000      0.011690     89.999998      0.011690      0.000000
0.550D+02      0.185726     -0.018818      0.000000      0.018818     89.999999      0.018818      0.000000
0.600D+02      0.199273     -0.028579      0.000000      0.028579     89.999999      0.028579      0.000000
