          25

0.600D+02      0.048510     -0.015138     -0.016237      0.022199    113.502758      0.015138      0.016237
0.550D+02      0.042867     -0.012495     -0.014160      0.018884    114.287011      0.012495      0.014160
0.500D+02      0.039359     -0.009665     -0.012785      0.016027    116.456632      0.009665      0.012785
0.450D+02      0.037310     -0.006956     -0.011870      0.013758    119.815054      0.006956      0.011870
0.400D+02      0.036209     -0.004528     -0.011232      0.012111    124.022432      0.004528      0.011232
0.350D+02      0.035698     -0.002438     -0.010748      0.011021    128.609706      0.002438      0.010748
0.300D+02      0.035540     -0.000684     -0.010335      0.010358    133.106619      0.000684      0.010335
0.250D+02      0.035576      0.000761     -0.009941      0.009970    -42.810035      0.000761      0.009941
0.200D+02      0.035706      0.001932     -0.009533      0.009727    -39.271138      0.001932      0.009533
0.150D+02      0.035871      0.002860     -0.009099      0.009538    -36.275063      0.002860      0.009099
0.100D+02      0.036051      0.003574     -0.008643      0.009353    -33.768154      0.003574      0.008643
0.500D+01      0.036250      0.004096     -0.008174      0.009142    -31.692095      0.004096      0.008174
0.000D+00      0.036476      0.004444     -0.007698      0.008888    -29.999998      0.004444      0.007698
0.500D+01      0.036737      0.004627     -0.007215      0.008571    -28.663719      0.004627      0.007215
0.100D+02      0.037036      0.004645     -0.006722      0.008170    -27.678642      0.004645      0.006722
0.150D+02      0.037378      0.004488     -0.006210      0.007662    -27.072035      0.004488      0.006210
0.200D+02      0.037778      0.004140     -0.005666      0.007017    -26.924193      0.004140      0.005666
0.250D+02      0.038261      0.003572     -0.005070      0.006202    -27.415347      0.003572      0.005070
0.300D+02      0.038870      0.002747     -0.004385      0.005174    -28.966602      0.002747      0.004385
0.350D+02      0.039679      0.001615     -0.003552      0.003902    -32.772645      0.001615      0.003552
0.400D+02      0.040811      0.000125     -0.002477      0.002480    -43.556695      0.000125      0.002477
0.450D+02      0.042463     -0.001765     -0.001018      0.002037    104.983826      0.001765      0.001018
0.500D+02      0.044939     -0.004055      0.001033      0.004185     82.856993      0.004055      0.001033
0.550D+02      0.048674     -0.006664      0.003949      0.007746     74.676105      0.006664      0.003949
0.600D+02      0.054248     -0.009381      0.008069      0.012373     69.649703      0.009381      0.008069
