          25

0.600D+02      1.053507     -0.970687      0.000000      0.970687     90.000000      0.970687      0.000000
0.550D+02      0.748746     -0.718658      0.000000      0.718658     90.000000      0.718658      0.000000
0.500D+02      0.508547     -0.497187      0.000000      0.497187     90.000000      0.497187      0.000000
0.450D+02      0.329654     -0.320153      0.000000      0.320153     90.000000      0.320153      0.000000
0.400D+02      0.204619     -0.191650      0.000000      0.191650     90.000000      0.191650      0.000000
0.350D+02      0.123128     -0.107125      0.000000      0.107125     90.000000      0.107125      0.000000
0.300D+02      0.073992     -0.056880      0.000000      0.056880     90.000000      0.056880      0.000000
0.250D+02      0.046872     -0.029943      0.000000      0.029943     90.000000      0.029943      0.000000
0.200D+02      0.033386     -0.016879      0.000000      0.016879     90.000000      0.016879      0.000000
0.150D+02      0.027515     -0.011028      0.000000      0.011028     90.000000      0.011028      0.000000
0.100D+02      0.025446     -0.008437      0.000000      0.008437     90.000000      0.008437      0.000000
0.500D+01      0.025071     -0.007134      0.000000      0.007134     90.000000      0.007134      0.000000
0.000D+00      0.025386     -0.006290      0.000000      0.006290     90.000000      0.006290      0.000000
0.500D+01      0.025994     -0.005623     -0.000000      0.005623     90.000005      0.005623      0.000000
0.100D+02      0.026764     -0.005061     -0.000000      0.005061     90.000006      0.005061      0.000000
0.150D+02      0.027672     -0.004601     -0.000000      0.004601     90.000006      0.004601      0.000000
0.200D+02      0.028724     -0.004265     -0.000000      0.004265     90.000006      0.004265      0.000000
0.250D+02      0.029946     -0.004096     -0.000000      0.004096     90.000005      0.004096      0.000000
0.300D+02      0.031386     -0.004158     -0.000000      0.004158     90.000005      0.004158      0.000000
0.350D+02      0.033129     -0.004550     -0.000000      0.004550     90.000004      0.004550      0.000000
0.400D+02      0.035321     -0.005416     -0.000000      0.005416     90.000003      0.005416      0.000000
0.450D+02      0.038204     -0.006952     -0.000000      0.006952     90.000001      0.006952      0.000000
0.500D+02      0.042150     -0.009404     -0.000000      0.009404     90.000000      0.009404      0.000000
0.550D+02      0.047690     -0.013029      0.000000      0.013029     90.000000      0.013029      0.000000
0.600D+02      0.055553     -0.018035      0.000000      0.018035     89.999999      0.018035      0.000000
