          25

0.600D+02      0.200510      0.022324     -0.149017      0.150680    -40.740049      0.022324      0.149017
0.550D+02      0.177872      0.018123     -0.135215      0.136424    -41.183067      0.018123      0.135215
0.500D+02      0.161427      0.015940     -0.123912      0.124933    -41.334802      0.015940      0.123912
0.450D+02      0.149522      0.015122     -0.114373      0.115368    -41.234197      0.015122      0.114373
0.400D+02      0.141006      0.015262     -0.106085      0.107177    -40.906572      0.015262      0.106085
0.350D+02      0.135080      0.016114     -0.098694      0.100001    -40.363405      0.016114      0.098694
0.300D+02      0.131181      0.017521     -0.091946      0.093601    -39.605632      0.017521      0.091946
0.250D+02      0.128895      0.019373     -0.085648      0.087812    -38.627251      0.019373      0.085648
0.200D+02      0.127913      0.021588     -0.079653      0.082527    -37.417979      0.021588      0.079653
0.150D+02      0.128016      0.024098     -0.073858      0.077689    -35.964959      0.024098      0.073858
0.100D+02      0.129066      0.026851     -0.068191      0.073287    -34.253909      0.026851      0.068191
0.500D+01      0.130985      0.029805     -0.062602      0.069335    -32.270174      0.029805      0.062602
0.000D+00      0.133723      0.032929     -0.057034      0.065857    -29.999998      0.032929      0.057034
0.500D+01      0.137247      0.036190     -0.051427      0.062884    -27.432536      0.036190      0.051427
0.100D+02      0.141535      0.039561     -0.045709      0.060452    -24.561875      0.039561      0.045709
0.150D+02      0.146589      0.043017     -0.039804      0.058608    -21.389038      0.043017      0.039804
0.200D+02      0.152446      0.046538     -0.033624      0.057415    -17.924202      0.046538      0.033624
0.250D+02      0.159184      0.050111     -0.027066      0.056953    -14.187503      0.050111      0.027066
0.300D+02      0.166935      0.053727     -0.019998      0.057328    -10.208140      0.053727      0.019998
0.350D+02      0.175904      0.057390     -0.012244      0.058682     -6.021832      0.057390      0.012244
0.400D+02      0.186401      0.061122     -0.003564      0.061226     -1.668468      0.061122      0.003564
0.450D+02      0.198889      0.064979      0.006383      0.065291      2.805256      0.064979      0.006383
0.500D+02      0.214055      0.069085      0.018079      0.071411      7.332439      0.069085      0.018079
0.550D+02      0.232905      0.073689      0.032203      0.080418     11.803054      0.073689      0.032203
0.600D+02      0.256896      0.079243      0.049710      0.093544     16.050353      0.079243      0.049710
