          25

0.600D+02      0.131181     -0.059190     -0.073330      0.094238    115.545418      0.059190      0.073330
0.550D+02      0.122038     -0.049610     -0.064105      0.081059    116.132063      0.049610      0.064105
0.500D+02      0.116569     -0.041300     -0.056801      0.070228    116.989381      0.041300      0.056801
0.450D+02      0.114309     -0.034096     -0.051015      0.061360    118.121463      0.034096      0.051015
0.400D+02      0.114991     -0.027789     -0.046415      0.054098    119.545281      0.027789      0.046415
0.350D+02      0.118255     -0.022113     -0.042638      0.048030    121.293951      0.022113      0.042638
0.300D+02      0.123390     -0.016793     -0.039256      0.042697    123.419899      0.016793      0.039256
0.250D+02      0.129256     -0.011646     -0.035836      0.037681    125.998613      0.011646      0.035836
0.200D+02      0.134472     -0.006659     -0.032053      0.032738    129.131789      0.006659      0.032053
0.150D+02      0.137826     -0.001994     -0.027786      0.027858    132.947932      0.001994      0.027786
0.100D+02      0.138692      0.002103     -0.023136      0.023231    -42.402524      0.002103      0.023136
0.500D+01      0.137241      0.005425     -0.018343      0.019128    -36.762637      0.005425      0.018343
0.000D+00      0.134328      0.007888     -0.013662      0.015775    -29.999999      0.007888      0.013662
0.500D+01      0.131110      0.009539     -0.009247      0.013285    -22.053621      0.009539      0.009247
0.100D+02      0.128606      0.010493     -0.005111      0.011671    -12.984806      0.010493      0.005111
0.150D+02      0.127402      0.010843     -0.001151      0.010904     -3.028614      0.010843      0.001151
0.200D+02      0.127605      0.010625      0.002788      0.010985      7.351884      0.010625      0.002788
0.250D+02      0.129013      0.009802      0.006858      0.011963     17.489302      0.009802      0.006858
0.300D+02      0.131342      0.008297      0.011189      0.013930     26.720852      0.008297      0.011189
0.350D+02      0.134409      0.006008      0.015902      0.016999     34.651188      0.006008      0.015902
0.400D+02      0.138211      0.002811      0.021135      0.021321     41.211664      0.002811      0.021135
0.450D+02      0.142927     -0.001448      0.027076      0.027115     46.531015      0.001448      0.027076
0.500D+02      0.148909     -0.006971      0.033998      0.034706     50.793896      0.006971      0.033998
0.550D+02      0.156673     -0.014014      0.042289      0.044551     54.167403      0.014014      0.042289
0.600D+02      0.166935     -0.022899      0.052493      0.057270     56.784029      0.022899      0.052493
