          25
0.600D+02      0.000403     -0.000403      0.000000      0.000403     90.000000      0.000403      0.000000
0.550D+02      0.000386     -0.000380      0.000000      0.000380     90.000000      0.000380      0.000000
0.500D+02      0.000376     -0.000354      0.000000      0.000354     90.000000      0.000354      0.000000
0.450D+02      0.000374     -0.000327      0.000000      0.000327     90.000000      0.000327      0.000000
0.400D+02      0.000377     -0.000298      0.000000      0.000298     90.000000      0.000298      0.000000
0.350D+02      0.000385     -0.000268      0.000000      0.000268     90.000000      0.000268      0.000000
0.300D+02      0.000398     -0.000238      0.000000      0.000238     90.000000      0.000238      0.000000
0.250D+02      0.000413     -0.000208      0.000000      0.000208     90.000000      0.000208      0.000000
0.200D+02      0.000431     -0.000179      0.000000      0.000179     90.000000      0.000179      0.000000
0.150D+02      0.000451     -0.000150      0.000000      0.000150     90.000000      0.000150      0.000000
0.100D+02      0.000472     -0.000123      0.000000      0.000123     90.000000      0.000123      0.000000
0.500D+01      0.000494     -0.000097      0.000000      0.000097     90.000000      0.000097      0.000000
0.000D+00      0.000517     -0.000074      0.000000      0.000074     90.000000      0.000074      0.000000
0.500D+01      0.000539     -0.000053     -0.000000      0.000053     90.000000      0.000053      0.000000
0.100D+02      0.000560     -0.000035     -0.000000      0.000035     90.000000      0.000035      0.000000
0.150D+02      0.000581     -0.000020     -0.000000      0.000020     90.000000      0.000020      0.000000
0.200D+02      0.000601     -0.000009     -0.000000      0.000009     90.000000      0.000009      0.000000
0.250D+02      0.000619     -0.000002     -0.000000      0.000002     90.000000      0.000002      0.000000
0.300D+02      0.000636      0.000000      0.000000      0.000000      0.000003      0.000000      0.000000
0.350D+02      0.000651     -0.000002      0.000000      0.000002     90.000000      0.000002      0.000000
0.400D+02      0.000665     -0.000010      0.000000      0.000010     90.000000      0.000010      0.000000
0.450D+02      0.000677     -0.000023      0.000000      0.000023     90.000000      0.000023      0.000000
0.500D+02      0.000687     -0.000043      0.000000      0.000043     90.000000      0.000043      0.000000
0.550D+02      0.000697     -0.000068      0.000000      0.000068     90.000000      0.000068      0.000000
0.600D+02      0.000706     -0.000101      0.000000      0.000101     90.000000      0.000101      0.000000
