          25
0.600D+02      0.055813     -0.050926      0.000000      0.050926     90.000000      0.050926      0.000000
0.550D+02      0.053195     -0.047856      0.000000      0.047856     90.000000      0.047856      0.000000
0.500D+02      0.051624     -0.044500      0.000000      0.044500     90.000000      0.044500      0.000000
0.450D+02      0.050953     -0.040936      0.000000      0.040936     90.000000      0.040936      0.000000
0.400D+02      0.051049     -0.037231      0.000000      0.037231     90.000000      0.037231      0.000000
0.350D+02      0.051789     -0.033444      0.000000      0.033444     90.000000      0.033444      0.000000
0.300D+02      0.053066     -0.029630      0.000000      0.029630     90.000000      0.029630      0.000000
0.250D+02      0.054780     -0.025841      0.000000      0.025841     90.000000      0.025841      0.000000
0.200D+02      0.056846     -0.022127      0.000000      0.022127     90.000000      0.022127      0.000000
0.150D+02      0.059183     -0.018537      0.000000      0.018537     90.000000      0.018537      0.000000
0.100D+02      0.061722     -0.015118      0.000000      0.015118     90.000000      0.015118      0.000000
0.500D+01      0.064400     -0.011919      0.000000      0.011919     90.000000      0.011919      0.000000
0.000D+00      0.067160     -0.008986      0.000000      0.008986     90.000000      0.008986      0.000000
0.500D+01      0.069954     -0.006365     -0.000000      0.006365     90.000001      0.006365      0.000000
0.100D+02      0.072736     -0.004104     -0.000000      0.004104     90.000001      0.004104      0.000000
0.150D+02      0.075470     -0.002250     -0.000000      0.002250     90.000001      0.002250      0.000000
0.200D+02      0.078124     -0.000849     -0.000000      0.000849     90.000002      0.000849      0.000000
0.250D+02      0.080672      0.000051     -0.000000      0.000051     -0.000004      0.000051      0.000000
0.300D+02      0.083096      0.000400      0.000000      0.000400      0.000003      0.000400      0.000000
0.350D+02      0.085382      0.000149      0.000000      0.000149      0.000016      0.000149      0.000000
0.400D+02      0.087524     -0.000756      0.000000      0.000756     89.999995      0.000756      0.000000
0.450D+02      0.089520     -0.002369      0.000000      0.002369     89.999998      0.002369      0.000000
0.500D+02      0.091375     -0.004749      0.000000      0.004749     89.999999      0.004749      0.000000
0.550D+02      0.093094     -0.007958      0.000000      0.007958     89.999999      0.007958      0.000000
0.600D+02      0.094683     -0.012056      0.000000      0.012056     89.999999      0.012056      0.000000
