          25
0.600D+02      0.073717     -0.064931      0.000000      0.064931     90.000000      0.064931      0.000000
0.550D+02      0.070932     -0.061519      0.000000      0.061519     90.000000      0.061519      0.000000
0.500D+02      0.069425     -0.057656      0.000000      0.057656     90.000000      0.057656      0.000000
0.450D+02      0.069024     -0.053425      0.000000      0.053425     90.000000      0.053425      0.000000
0.400D+02      0.069570     -0.048908      0.000000      0.048908     90.000000      0.048908      0.000000
0.350D+02      0.070918     -0.044187      0.000000      0.044187     90.000000      0.044187      0.000000
0.300D+02      0.072936     -0.039341      0.000000      0.039341     90.000000      0.039341      0.000000
0.250D+02      0.075499     -0.034452      0.000000      0.034452     90.000000      0.034452      0.000000
0.200D+02      0.078493     -0.029599      0.000000      0.029599     90.000000      0.029599      0.000000
0.150D+02      0.081814     -0.024859      0.000000      0.024859     90.000000      0.024859      0.000000
0.100D+02      0.085364     -0.020310      0.000000      0.020310     90.000000      0.020310      0.000000
0.500D+01      0.089054     -0.016027      0.000000      0.016027     90.000000      0.016027      0.000000
0.000D+00      0.092801     -0.012083      0.000000      0.012083     90.000000      0.012083      0.000000
0.500D+01      0.096531     -0.008549     -0.000000      0.008549     90.000001      0.008549      0.000000
0.100D+02      0.100178     -0.005497     -0.000000      0.005497     90.000001      0.005497      0.000000
0.150D+02      0.103681     -0.002993     -0.000000      0.002993     90.000002      0.002993      0.000000
0.200D+02      0.106990     -0.001102     -0.000000      0.001102     90.000003      0.001102      0.000000
0.250D+02      0.110063      0.000112     -0.000000      0.000112     -0.000006      0.000112      0.000000
0.300D+02      0.112865      0.000588      0.000000      0.000588      0.000003      0.000588      0.000000
0.350D+02      0.115372      0.000267      0.000000      0.000267      0.000014      0.000267      0.000000
0.400D+02      0.117572     -0.000906      0.000000      0.000906     89.999993      0.000906      0.000000
0.450D+02      0.119461     -0.002989      0.000000      0.002989     89.999997      0.002989      0.000000
0.500D+02      0.121048     -0.006034      0.000000      0.006034     89.999998      0.006034      0.000000
0.550D+02      0.122357     -0.010095      0.000000      0.010095     89.999999      0.010095      0.000000
0.600D+02      0.123423     -0.015225      0.000000      0.015225     89.999999      0.015225      0.000000
