          25
0.600D+02      0.004560     -0.004524      0.000000      0.004524     90.000000      0.004524      0.000000
0.550D+02      0.004362     -0.004262      0.000000      0.004262     90.000000      0.004262      0.000000
0.500D+02      0.004256     -0.003976      0.000000      0.003976     90.000000      0.003976      0.000000
0.450D+02      0.004228     -0.003669      0.000000      0.003669     90.000000      0.003669      0.000000
0.400D+02      0.004266     -0.003348      0.000000      0.003348     90.000000      0.003348      0.000000
0.350D+02      0.004359     -0.003017      0.000000      0.003017     90.000000      0.003017      0.000000
0.300D+02      0.004497     -0.002680      0.000000      0.002680     90.000000      0.002680      0.000000
0.250D+02      0.004672     -0.002344      0.000000      0.002344     90.000000      0.002344      0.000000
0.200D+02      0.004874     -0.002012      0.000000      0.002012     90.000000      0.002012      0.000000
0.150D+02      0.005099     -0.001690      0.000000      0.001690     90.000000      0.001690      0.000000
0.100D+02      0.005338     -0.001382      0.000000      0.001382     90.000000      0.001382      0.000000
0.500D+01      0.005585     -0.001093      0.000000      0.001093     90.000000      0.001093      0.000000
0.000D+00      0.005836     -0.000829      0.000000      0.000829     90.000000      0.000829      0.000000
0.500D+01      0.006086     -0.000593     -0.000000      0.000593     90.000000      0.000593      0.000000
0.100D+02      0.006329     -0.000390     -0.000000      0.000390     90.000000      0.000390      0.000000
0.150D+02      0.006563     -0.000225     -0.000000      0.000225     90.000000      0.000225      0.000000
0.200D+02      0.006785     -0.000102     -0.000000      0.000102     90.000000      0.000102      0.000000
0.250D+02      0.006991     -0.000024     -0.000000      0.000024     90.000000      0.000024      0.000000
0.300D+02      0.007180      0.000002      0.000000      0.000002      0.000003      0.000002      0.000000
0.350D+02      0.007351     -0.000025      0.000000      0.000025     89.999999      0.000025      0.000000
0.400D+02      0.007503     -0.000111      0.000000      0.000111     90.000000      0.000111      0.000000
0.450D+02      0.007637     -0.000260      0.000000      0.000260     90.000000      0.000260      0.000000
0.500D+02      0.007756     -0.000476      0.000000      0.000476     90.000000      0.000476      0.000000
0.550D+02      0.007861     -0.000763      0.000000      0.000763     90.000000      0.000763      0.000000
0.600D+02      0.007957     -0.001127      0.000000      0.001127     90.000000      0.001127      0.000000
